
 0.000000 	 -3.822932 	 -29.622119 	 -8.093563 	 1.158265 	 -0.203408 	 -0.412756 

 91.300000 	 -3.533366 	 -29.672971 	 -8.196752 	 1.159437 	 -0.193565 	 -0.410037 

 182.600000 	 -3.243507 	 -29.721362 	 -8.299261 	 1.160509 	 -0.183745 	 -0.407295 

 273.900000 	 -2.953379 	 -29.767298 	 -8.401085 	 1.161480 	 -0.173951 	 -0.404531 

 365.200000 	 -2.663009 	 -29.810786 	 -8.502218 	 1.162353 	 -0.164183 	 -0.401745 

 456.500000 	 -2.372421 	 -29.851832 	 -8.602654 	 1.163127 	 -0.154442 	 -0.398938 

 547.800000 	 -2.081639 	 -29.890442 	 -8.702389 	 1.163804 	 -0.144729 	 -0.396110 

 639.100000 	 -1.790688 	 -29.926625 	 -8.801416 	 1.164383 	 -0.135047 	 -0.393263 

 730.400000 	 -1.499593 	 -29.960386 	 -8.899732 	 1.164866 	 -0.125395 	 -0.390395 

 821.700000 	 -1.208376 	 -29.991735 	 -8.997331 	 1.165254 	 -0.115774 	 -0.387509 

 913.000000 	 -0.917063 	 -30.020678 	 -9.094208 	 1.165547 	 -0.106187 	 -0.384605 

 1004.300000 	 -0.625676 	 -30.047225 	 -9.190360 	 1.165745 	 -0.096633 	 -0.381683 

 1095.600000 	 -0.334240 	 -30.071383 	 -9.285780 	 1.165851 	 -0.087114 	 -0.378744 

 1186.900000 	 -0.042777 	 -30.093162 	 -9.380466 	 1.165865 	 -0.077631 	 -0.375787 

 1278.200000 	 0.248689 	 -30.112570 	 -9.474413 	 1.165787 	 -0.068184 	 -0.372815 

 1369.500000 	 0.540136 	 -30.129616 	 -9.567617 	 1.165618 	 -0.058775 	 -0.369828 

 1460.800000 	 0.831540 	 -30.144309 	 -9.660074 	 1.165360 	 -0.049405 	 -0.366825 

 1552.100000 	 1.122880 	 -30.156661 	 -9.751780 	 1.165012 	 -0.040074 	 -0.363807 

 1643.400000 	 1.414133 	 -30.166679 	 -9.842732 	 1.164577 	 -0.030783 	 -0.360776 

 1734.700000 	 1.705277 	 -30.174375 	 -9.932926 	 1.164054 	 -0.021534 	 -0.357731 

 1826.000000 	 1.996291 	 -30.179758 	 -10.022359 	 1.163445 	 -0.012326 	 -0.354673 

 1917.300000 	 2.287152 	 -30.182840 	 -10.111027 	 1.162750 	 -0.003161 	 -0.351603 

 2008.600000 	 2.577840 	 -30.183630 	 -10.198928 	 1.161971 	 0.005961 	 -0.348521 

 2099.900000 	 2.868332 	 -30.182140 	 -10.286058 	 1.161109 	 0.015039 	 -0.345427 

 2191.200000 	 3.158610 	 -30.178380 	 -10.372415 	 1.160163 	 0.024071 	 -0.342323 

 2282.500000 	 3.448650 	 -30.172362 	 -10.457995 	 1.159136 	 0.033058 	 -0.339208 

 2373.800000 	 3.738434 	 -30.164098 	 -10.542797 	 1.158028 	 0.041999 	 -0.336083 

 2465.100000 	 4.027941 	 -30.153598 	 -10.626818 	 1.156840 	 0.050893 	 -0.332948 

 2556.400000 	 4.317151 	 -30.140875 	 -10.710055 	 1.155573 	 0.059740 	 -0.329805 

 2647.700000 	 4.606044 	 -30.125940 	 -10.792506 	 1.154227 	 0.068538 	 -0.326653 

 2739.000000 	 4.894601 	 -30.108805 	 -10.874169 	 1.152805 	 0.077288 	 -0.323493 

 2830.300000 	 5.182803 	 -30.089484 	 -10.955043 	 1.151307 	 0.085988 	 -0.320325 

 2921.600000 	 5.470629 	 -30.067987 	 -11.035124 	 1.149733 	 0.094638 	 -0.317150 

 3012.900000 	 5.758062 	 -30.044327 	 -11.114411 	 1.148084 	 0.103239 	 -0.313969 

 3104.200000 	 6.045084 	 -30.018517 	 -11.192904 	 1.146363 	 0.111788 	 -0.310781 

 3195.500000 	 6.331674 	 -29.990570 	 -11.270599 	 1.144569 	 0.120286 	 -0.307588 

 3286.800000 	 6.617816 	 -29.960499 	 -11.347496 	 1.142703 	 0.128732 	 -0.304389 

 3378.100000 	 6.903492 	 -29.928316 	 -11.423593 	 1.140767 	 0.137126 	 -0.301185 

 3469.400000 	 7.188684 	 -29.894035 	 -11.498889 	 1.138761 	 0.145467 	 -0.297976 

 3560.700000 	 7.473374 	 -29.857668 	 -11.573383 	 1.136687 	 0.153755 	 -0.294764 

 3652.000000 	 7.757546 	 -29.819229 	 -11.647074 	 1.134544 	 0.161989 	 -0.291547 

 3743.300000 	 8.041182 	 -29.778732 	 -11.719961 	 1.132335 	 0.170170 	 -0.288328 

 3834.600000 	 8.324266 	 -29.736189 	 -11.792043 	 1.130060 	 0.178296 	 -0.285105 

 3925.900000 	 8.606781 	 -29.691615 	 -11.863319 	 1.127721 	 0.186368 	 -0.281880 

 4017.200000 	 8.888711 	 -29.645023 	 -11.933789 	 1.125317 	 0.194385 	 -0.278653 

 4108.500000 	 9.170040 	 -29.596427 	 -12.003453 	 1.122850 	 0.202347 	 -0.275424 

 4199.800000 	 9.450753 	 -29.545840 	 -12.072309 	 1.120321 	 0.210254 	 -0.272193 

 4291.100000 	 9.730833 	 -29.493277 	 -12.140357 	 1.117731 	 0.218104 	 -0.268962 

 4382.400000 	 10.010265 	 -29.438751 	 -12.207597 	 1.115080 	 0.225899 	 -0.265729 

 4473.700000 	 10.289036 	 -29.382276 	 -12.274030 	 1.112370 	 0.233637 	 -0.262497 

 4565.000000 	 10.567128 	 -29.323867 	 -12.339654 	 1.109602 	 0.241319 	 -0.259264 

 4656.300000 	 10.844529 	 -29.263537 	 -12.404470 	 1.106776 	 0.248945 	 -0.256032 

 4747.600000 	 11.121223 	 -29.201300 	 -12.468478 	 1.103894 	 0.256513 	 -0.252800 

 4838.900000 	 11.397196 	 -29.137172 	 -12.531678 	 1.100956 	 0.264025 	 -0.249569 

 4930.200000 	 11.672435 	 -29.071166 	 -12.594070 	 1.097963 	 0.271479 	 -0.246340 

 5021.500000 	 11.946926 	 -29.003296 	 -12.655655 	 1.094916 	 0.278876 	 -0.243112 

 5112.800000 	 12.220655 	 -28.933577 	 -12.716433 	 1.091816 	 0.286216 	 -0.239887 

 5204.100000 	 12.493609 	 -28.862023 	 -12.776405 	 1.088663 	 0.293498 	 -0.236663 

 5295.400000 	 12.765774 	 -28.788649 	 -12.835570 	 1.085460 	 0.300722 	 -0.233442 

 5386.700000 	 13.037139 	 -28.713468 	 -12.893931 	 1.082206 	 0.307889 	 -0.230224 

 5478.000000 	 13.307691 	 -28.636496 	 -12.951487 	 1.078902 	 0.314998 	 -0.227009 

 5569.300000 	 13.577416 	 -28.557746 	 -13.008239 	 1.075550 	 0.322049 	 -0.223797 

 5660.600000 	 13.846304 	 -28.477234 	 -13.064188 	 1.072150 	 0.329042 	 -0.220589 

 5751.900000 	 14.114341 	 -28.394974 	 -13.119335 	 1.068703 	 0.335976 	 -0.217385 

 5843.200000 	 14.381517 	 -28.310980 	 -13.173682 	 1.065210 	 0.342853 	 -0.214185 

 5934.500000 	 14.647820 	 -28.225266 	 -13.227228 	 1.061671 	 0.349672 	 -0.210989 

 6025.800000 	 14.913237 	 -28.137848 	 -13.279975 	 1.058088 	 0.356433 	 -0.207798 

 6117.100000 	 15.177759 	 -28.048740 	 -13.331925 	 1.054461 	 0.363136 	 -0.204613 

 6208.400000 	 15.441374 	 -27.957956 	 -13.383078 	 1.050791 	 0.369780 	 -0.201432 

 6299.700000 	 15.704072 	 -27.865511 	 -13.433436 	 1.047079 	 0.376367 	 -0.198257 

 6391.000000 	 15.965842 	 -27.771419 	 -13.483000 	 1.043325 	 0.382896 	 -0.195087 

 6482.300000 	 16.226673 	 -27.675695 	 -13.531772 	 1.039531 	 0.389366 	 -0.191923 

 6573.600000 	 16.486556 	 -27.578354 	 -13.579752 	 1.035698 	 0.395779 	 -0.188765 

 6664.900000 	 16.745480 	 -27.479409 	 -13.626944 	 1.031825 	 0.402134 	 -0.185614 

 6756.200000 	 17.003437 	 -27.378875 	 -13.673347 	 1.027914 	 0.408431 	 -0.182469 

 6847.500000 	 17.260415 	 -27.276767 	 -13.718964 	 1.023966 	 0.414671 	 -0.179331 

 6938.800000 	 17.516407 	 -27.173100 	 -13.763797 	 1.019981 	 0.420853 	 -0.176199 

 7030.100000 	 17.771402 	 -27.067887 	 -13.807847 	 1.015960 	 0.426977 	 -0.173075 

 7121.400000 	 18.025392 	 -26.961142 	 -13.851116 	 1.011904 	 0.433044 	 -0.169958 

 7212.700000 	 18.278368 	 -26.852881 	 -13.893605 	 1.007813 	 0.439054 	 -0.166849 

 7304.000000 	 18.530321 	 -26.743117 	 -13.935318 	 1.003688 	 0.445007 	 -0.163747 

 7395.300000 	 18.781243 	 -26.631866 	 -13.976254 	 0.999531 	 0.450903 	 -0.160653 

 7486.600000 	 19.031126 	 -26.519140 	 -14.016418 	 0.995341 	 0.456741 	 -0.157567 

 7577.900000 	 19.279961 	 -26.404955 	 -14.055809 	 0.991119 	 0.462523 	 -0.154489 

 7669.200000 	 19.527741 	 -26.289324 	 -14.094432 	 0.986866 	 0.468249 	 -0.151420 

 7760.500000 	 19.774457 	 -26.172262 	 -14.132287 	 0.982583 	 0.473917 	 -0.148359 

 7851.800000 	 20.020103 	 -26.053783 	 -14.169376 	 0.978270 	 0.479530 	 -0.145306 

 7943.100000 	 20.264671 	 -25.933900 	 -14.205703 	 0.973928 	 0.485087 	 -0.142263 

 8034.400000 	 20.508153 	 -25.812628 	 -14.241269 	 0.969558 	 0.490587 	 -0.139228 

 8125.700000 	 20.750542 	 -25.689982 	 -14.276076 	 0.965160 	 0.496032 	 -0.136202 

 8217.000000 	 20.991832 	 -25.565974 	 -14.310126 	 0.960735 	 0.501421 	 -0.133186 

 8308.300000 	 21.232016 	 -25.440618 	 -14.343423 	 0.956284 	 0.506755 	 -0.130179 

 8399.600000 	 21.471087 	 -25.313930 	 -14.375967 	 0.951807 	 0.512033 	 -0.127181 

 8490.900000 	 21.709039 	 -25.185921 	 -14.407762 	 0.947304 	 0.517257 	 -0.124193 

 8582.200000 	 21.945865 	 -25.056607 	 -14.438811 	 0.942777 	 0.522425 	 -0.121214 

 8673.500000 	 22.181559 	 -24.926001 	 -14.469114 	 0.938226 	 0.527540 	 -0.118246 

 8764.800000 	 22.416116 	 -24.794116 	 -14.498676 	 0.933652 	 0.532599 	 -0.115287 

 8856.100000 	 22.649528 	 -24.660966 	 -14.527497 	 0.929055 	 0.537605 	 -0.112338 

 8947.400000 	 22.881792 	 -24.526565 	 -14.555582 	 0.924435 	 0.542556 	 -0.109400 

 9038.700000 	 23.112901 	 -24.390926 	 -14.582932 	 0.919794 	 0.547454 	 -0.106471 

 9130.000000 	 23.342849 	 -24.254062 	 -14.609550 	 0.915132 	 0.552298 	 -0.103553 

 9221.300000 	 23.571632 	 -24.115988 	 -14.635438 	 0.910449 	 0.557090 	 -0.100646 

 9312.600000 	 23.799244 	 -23.976715 	 -14.660599 	 0.905746 	 0.561828 	 -0.097749 

 9403.900000 	 24.025681 	 -23.836259 	 -14.685037 	 0.901023 	 0.566513 	 -0.094862 

 9495.200000 	 24.250937 	 -23.694630 	 -14.708752 	 0.896282 	 0.571145 	 -0.091986 

 9586.500000 	 24.475007 	 -23.551844 	 -14.731749 	 0.891522 	 0.575726 	 -0.089122 

 9677.800000 	 24.697888 	 -23.407913 	 -14.754029 	 0.886744 	 0.580254 	 -0.086267 

 9769.100000 	 24.919574 	 -23.262849 	 -14.775596 	 0.881949 	 0.584730 	 -0.083424 

 9860.400000 	 25.140061 	 -23.116667 	 -14.796452 	 0.877137 	 0.589155 	 -0.080592 

 9951.700000 	 25.359345 	 -22.969378 	 -14.816600 	 0.872309 	 0.593528 	 -0.077771 

 10043.000000 	 25.577422 	 -22.820996 	 -14.836043 	 0.867464 	 0.597851 	 -0.074961 

 10134.300000 	 25.794288 	 -22.671533 	 -14.854783 	 0.862604 	 0.602122 	 -0.072162 

 10225.600000 	 26.009940 	 -22.521003 	 -14.872823 	 0.857729 	 0.606343 	 -0.069375 

 10316.900000 	 26.224372 	 -22.369417 	 -14.890167 	 0.852840 	 0.610514 	 -0.066598 

 10408.200000 	 26.437582 	 -22.216788 	 -14.906817 	 0.847936 	 0.614635 	 -0.063834 

 10499.500000 	 26.649566 	 -22.063130 	 -14.922775 	 0.843019 	 0.618705 	 -0.061080 

 10590.800000 	 26.860321 	 -21.908453 	 -14.938045 	 0.838089 	 0.622727 	 -0.058338 

 10682.100000 	 27.069843 	 -21.752772 	 -14.952630 	 0.833146 	 0.626699 	 -0.055608 

 10773.400000 	 27.278130 	 -21.596097 	 -14.966532 	 0.828191 	 0.630622 	 -0.052889 

 10864.700000 	 27.485177 	 -21.438441 	 -14.979754 	 0.823224 	 0.634496 	 -0.050182 

 10956.000000 	 27.690983 	 -21.279817 	 -14.992299 	 0.818245 	 0.638322 	 -0.047486 

 11047.300000 	 27.895545 	 -21.120237 	 -15.004171 	 0.813255 	 0.642100 	 -0.044803 

 11138.600000 	 28.098858 	 -20.959712 	 -15.015372 	 0.808255 	 0.645830 	 -0.042130 

 11229.900000 	 28.300922 	 -20.798254 	 -15.025904 	 0.803244 	 0.649512 	 -0.039470 

 11321.200000 	 28.501733 	 -20.635876 	 -15.035772 	 0.798224 	 0.653147 	 -0.036822 

 11412.500000 	 28.701289 	 -20.472589 	 -15.044977 	 0.793194 	 0.656735 	 -0.034185 

 11503.800000 	 28.899588 	 -20.308406 	 -15.053524 	 0.788155 	 0.660276 	 -0.031560 

 11595.100000 	 29.096626 	 -20.143337 	 -15.061414 	 0.783107 	 0.663771 	 -0.028947 

 11686.400000 	 29.292403 	 -19.977394 	 -15.068650 	 0.778051 	 0.667219 	 -0.026346 

 11777.700000 	 29.486916 	 -19.810589 	 -15.075237 	 0.772987 	 0.670621 	 -0.023757 

 11869.000000 	 29.680163 	 -19.642934 	 -15.081176 	 0.767915 	 0.673978 	 -0.021180 

 11960.300000 	 29.872142 	 -19.474440 	 -15.086472 	 0.762836 	 0.677289 	 -0.018615 

 12051.600000 	 30.062851 	 -19.305117 	 -15.091125 	 0.757751 	 0.680555 	 -0.016062 

 12142.900000 	 30.252288 	 -19.134979 	 -15.095141 	 0.752658 	 0.683776 	 -0.013521 

 12234.200000 	 30.440453 	 -18.964035 	 -15.098521 	 0.747559 	 0.686952 	 -0.010992 

 12325.500000 	 30.627343 	 -18.792297 	 -15.101269 	 0.742454 	 0.690084 	 -0.008475 

 12416.800000 	 30.812956 	 -18.619776 	 -15.103388 	 0.737344 	 0.693173 	 -0.005970 

 12508.100000 	 30.997292 	 -18.446482 	 -15.104881 	 0.732228 	 0.696217 	 -0.003478 

 12599.400000 	 31.180349 	 -18.272428 	 -15.105750 	 0.727108 	 0.699218 	 -0.000997 

 12690.700000 	 31.362126 	 -18.097624 	 -15.105999 	 0.721983 	 0.702175 	 0.001472 

 12782.000000 	 31.542622 	 -17.922080 	 -15.105631 	 0.716853 	 0.705090 	 0.003929 

 12873.300000 	 31.721835 	 -17.745808 	 -15.104649 	 0.711719 	 0.707962 	 0.006373 

 12964.600000 	 31.899765 	 -17.568817 	 -15.103056 	 0.706581 	 0.710791 	 0.008805 

 13055.900000 	 32.076410 	 -17.391119 	 -15.100855 	 0.701440 	 0.713579 	 0.011226 

 13147.200000 	 32.251770 	 -17.212725 	 -15.098048 	 0.696296 	 0.716324 	 0.013634 

 13238.500000 	 32.425844 	 -17.033644 	 -15.094640 	 0.691149 	 0.719028 	 0.016030 

 13329.800000 	 32.598632 	 -16.853886 	 -15.090632 	 0.685999 	 0.721691 	 0.018414 

 13421.100000 	 32.770131 	 -16.673464 	 -15.086029 	 0.680846 	 0.724312 	 0.020786 

 13512.400000 	 32.940343 	 -16.492386 	 -15.080832 	 0.675692 	 0.726893 	 0.023146 

 13603.700000 	 33.109266 	 -16.310662 	 -15.075046 	 0.670535 	 0.729433 	 0.025494 

 13695.000000 	 33.276900 	 -16.128304 	 -15.068672 	 0.665377 	 0.731933 	 0.027829 

 13786.300000 	 33.443244 	 -15.945321 	 -15.061715 	 0.660218 	 0.734393 	 0.030153 

 13877.600000 	 33.608298 	 -15.761722 	 -15.054177 	 0.655057 	 0.736814 	 0.032465 

 13968.900000 	 33.772063 	 -15.577519 	 -15.046060 	 0.649895 	 0.739194 	 0.034764 

 14060.200000 	 33.934537 	 -15.392720 	 -15.037369 	 0.644733 	 0.741536 	 0.037052 

 14151.500000 	 34.095720 	 -15.207337 	 -15.028106 	 0.639571 	 0.743839 	 0.039327 

 14242.800000 	 34.255612 	 -15.021377 	 -15.018274 	 0.634408 	 0.746103 	 0.041591 

 14334.100000 	 34.414214 	 -14.834851 	 -15.007877 	 0.629245 	 0.748328 	 0.043842 

 14425.400000 	 34.571526 	 -14.647769 	 -14.996916 	 0.624082 	 0.750516 	 0.046082 

 14516.700000 	 34.727546 	 -14.460140 	 -14.985396 	 0.618920 	 0.752665 	 0.048310 

 14608.000000 	 34.882276 	 -14.271974 	 -14.973318 	 0.613758 	 0.754777 	 0.050525 

 14699.300000 	 35.035715 	 -14.083280 	 -14.960687 	 0.608597 	 0.756851 	 0.052729 

 14790.600000 	 35.187865 	 -13.894067 	 -14.947505 	 0.603437 	 0.758889 	 0.054921 

 14881.900000 	 35.338724 	 -13.704345 	 -14.933774 	 0.598279 	 0.760889 	 0.057101 

 14973.200000 	 35.488294 	 -13.514122 	 -14.919499 	 0.593122 	 0.762853 	 0.059269 

 15064.500000 	 35.636574 	 -13.323409 	 -14.904682 	 0.587966 	 0.764781 	 0.061425 

 15155.800000 	 35.783566 	 -13.132214 	 -14.889326 	 0.582813 	 0.766672 	 0.063569 

 15247.100000 	 35.929269 	 -12.940546 	 -14.873433 	 0.577661 	 0.768527 	 0.065702 

 15338.400000 	 36.073684 	 -12.748414 	 -14.857008 	 0.572512 	 0.770347 	 0.067823 

 15429.700000 	 36.216812 	 -12.555827 	 -14.840052 	 0.567365 	 0.772132 	 0.069932 

 15521.000000 	 36.358653 	 -12.362794 	 -14.822569 	 0.562220 	 0.773881 	 0.072029 

 15612.300000 	 36.499208 	 -12.169324 	 -14.804562 	 0.557078 	 0.775595 	 0.074115 

 15703.600000 	 36.638478 	 -11.975425 	 -14.786033 	 0.551939 	 0.777275 	 0.076189 

 15794.900000 	 36.776463 	 -11.781107 	 -14.766986 	 0.546803 	 0.778920 	 0.078251 

 15886.200000 	 36.913164 	 -11.586377 	 -14.747423 	 0.541671 	 0.780531 	 0.080301 

 15977.500000 	 37.048581 	 -11.391244 	 -14.727348 	 0.536541 	 0.782108 	 0.082340 

 16068.800000 	 37.182717 	 -11.195717 	 -14.706763 	 0.531416 	 0.783652 	 0.084368 

 16160.100000 	 37.315571 	 -10.999804 	 -14.685671 	 0.526293 	 0.785162 	 0.086384 

 16251.400000 	 37.447144 	 -10.803513 	 -14.664075 	 0.521175 	 0.786638 	 0.088388 

 16342.700000 	 37.577438 	 -10.606854 	 -14.641978 	 0.516061 	 0.788082 	 0.090381 

 16434.000000 	 37.706453 	 -10.409833 	 -14.619383 	 0.510950 	 0.789493 	 0.092362 

 16525.300000 	 37.834190 	 -10.212460 	 -14.596292 	 0.505844 	 0.790871 	 0.094332 

 16616.600000 	 37.960651 	 -10.014743 	 -14.572709 	 0.500743 	 0.792217 	 0.096291 

 16707.900000 	 38.085837 	 -9.816688 	 -14.548637 	 0.495646 	 0.793531 	 0.098238 

 16799.200000 	 38.209748 	 -9.618306 	 -14.524077 	 0.490553 	 0.794813 	 0.100173 

 16890.500000 	 38.332387 	 -9.419602 	 -14.499034 	 0.485465 	 0.796063 	 0.102098 

 16981.800000 	 38.453753 	 -9.220587 	 -14.473509 	 0.480382 	 0.797282 	 0.104011 

 17073.100000 	 38.573849 	 -9.021266 	 -14.447507 	 0.475305 	 0.798469 	 0.105913 

 17164.400000 	 38.692675 	 -8.821649 	 -14.421028 	 0.470232 	 0.799626 	 0.107803 

 17255.700000 	 38.810233 	 -8.621743 	 -14.394078 	 0.465165 	 0.800751 	 0.109683 

 17347.000000 	 38.926524 	 -8.421555 	 -14.366657 	 0.460103 	 0.801846 	 0.111551 

 17438.300000 	 39.041550 	 -8.221093 	 -14.338769 	 0.455046 	 0.802911 	 0.113408 

 17529.600000 	 39.155311 	 -8.020365 	 -14.310417 	 0.449995 	 0.803946 	 0.115254 

 17620.900000 	 39.267810 	 -7.819379 	 -14.281604 	 0.444950 	 0.804950 	 0.117089 

 17712.200000 	 39.379048 	 -7.618141 	 -14.252331 	 0.439911 	 0.805925 	 0.118913 

 17803.500000 	 39.489025 	 -7.416660 	 -14.222603 	 0.434877 	 0.806871 	 0.120726 

 17894.800000 	 39.597745 	 -7.214942 	 -14.192422 	 0.429850 	 0.807787 	 0.122528 

 17986.100000 	 39.705207 	 -7.012996 	 -14.161790 	 0.424829 	 0.808674 	 0.124319 

 18077.400000 	 39.811414 	 -6.810827 	 -14.130710 	 0.419814 	 0.809532 	 0.126099 

 18168.700000 	 39.916368 	 -6.608444 	 -14.099186 	 0.414805 	 0.810361 	 0.127868 

 18260.000000 	 40.020069 	 -6.405854 	 -14.067219 	 0.409803 	 0.811161 	 0.129626 

 18351.300000 	 40.122520 	 -6.203064 	 -14.034812 	 0.404807 	 0.811934 	 0.131374 

 18442.600000 	 40.223722 	 -6.000080 	 -14.001969 	 0.399818 	 0.812678 	 0.133110 

 18533.900000 	 40.323676 	 -5.796911 	 -13.968691 	 0.394836 	 0.813394 	 0.134836 

 18625.200000 	 40.422385 	 -5.593562 	 -13.934982 	 0.389860 	 0.814083 	 0.136551 

 18716.500000 	 40.519850 	 -5.390041 	 -13.900844 	 0.384891 	 0.814744 	 0.138256 

 18807.800000 	 40.616073 	 -5.186356 	 -13.866280 	 0.379930 	 0.815377 	 0.139950 

 18899.100000 	 40.711055 	 -4.982511 	 -13.831293 	 0.374975 	 0.815984 	 0.141633 

 18990.400000 	 40.804799 	 -4.778515 	 -13.795884 	 0.370027 	 0.816563 	 0.143306 

 19081.700000 	 40.897306 	 -4.574374 	 -13.760058 	 0.365087 	 0.817116 	 0.144968 

 19173.000000 	 40.988577 	 -4.370096 	 -13.723816 	 0.360153 	 0.817642 	 0.146620 

 19264.300000 	 41.078616 	 -4.165685 	 -13.687161 	 0.355227 	 0.818141 	 0.148261 

 19355.600000 	 41.167423 	 -3.961150 	 -13.650095 	 0.350309 	 0.818615 	 0.149892 

 19446.900000 	 41.255000 	 -3.756496 	 -13.612622 	 0.345398 	 0.819062 	 0.151513 

 19538.200000 	 41.341349 	 -3.551731 	 -13.574744 	 0.340495 	 0.819483 	 0.153123 

 19629.500000 	 41.426473 	 -3.346860 	 -13.536463 	 0.335599 	 0.819879 	 0.154723 

 19720.800000 	 41.510373 	 -3.141890 	 -13.497783 	 0.330711 	 0.820248 	 0.156312 

 19812.100000 	 41.593050 	 -2.936828 	 -13.458705 	 0.325830 	 0.820593 	 0.157891 

 19903.400000 	 41.674508 	 -2.731680 	 -13.419232 	 0.320958 	 0.820912 	 0.159460 

 19994.700000 	 41.754747 	 -2.526452 	 -13.379367 	 0.316093 	 0.821207 	 0.161019 

 20086.000000 	 41.833771 	 -2.321150 	 -13.339112 	 0.311236 	 0.821476 	 0.162568 

 20177.300000 	 41.911580 	 -2.115781 	 -13.298470 	 0.306387 	 0.821721 	 0.164106 

 20268.600000 	 41.988176 	 -1.910351 	 -13.257444 	 0.301546 	 0.821941 	 0.165635 

 20359.900000 	 42.063563 	 -1.704865 	 -13.216035 	 0.296714 	 0.822137 	 0.167153 

 20451.200000 	 42.137741 	 -1.499331 	 -13.174247 	 0.291889 	 0.822309 	 0.168661 

 20542.500000 	 42.210714 	 -1.293754 	 -13.132081 	 0.287073 	 0.822456 	 0.170160 

 20633.800000 	 42.282482 	 -1.088140 	 -13.089542 	 0.282265 	 0.822580 	 0.171648 

 20725.100000 	 42.353048 	 -0.882495 	 -13.046629 	 0.277465 	 0.822680 	 0.173127 

 20816.400000 	 42.422415 	 -0.676825 	 -13.003348 	 0.272674 	 0.822757 	 0.174595 

 20907.700000 	 42.490583 	 -0.471136 	 -12.959699 	 0.267891 	 0.822810 	 0.176054 

 20999.000000 	 42.557556 	 -0.265433 	 -12.915685 	 0.263117 	 0.822839 	 0.177503 

 21090.300000 	 42.623335 	 -0.059723 	 -12.871310 	 0.258351 	 0.822846 	 0.178942 

 21181.600000 	 42.687923 	 0.145988 	 -12.826574 	 0.253593 	 0.822830 	 0.180372 

 21272.900000 	 42.751321 	 0.351696 	 -12.781481 	 0.248844 	 0.822791 	 0.181792 

 21364.200000 	 42.813532 	 0.557393 	 -12.736033 	 0.244104 	 0.822729 	 0.183202 

 21455.500000 	 42.874558 	 0.763076 	 -12.690233 	 0.239372 	 0.822645 	 0.184602 

 21546.800000 	 42.934401 	 0.968737 	 -12.644082 	 0.234650 	 0.822538 	 0.185993 

 21638.100000 	 42.993063 	 1.174372 	 -12.597584 	 0.229936 	 0.822410 	 0.187374 

 21729.400000 	 43.050547 	 1.379974 	 -12.550740 	 0.225230 	 0.822259 	 0.188746 

 21820.700000 	 43.106855 	 1.585539 	 -12.503554 	 0.220534 	 0.822086 	 0.190108 

 21912.000000 	 43.161988 	 1.791060 	 -12.456027 	 0.215846 	 0.821891 	 0.191461 

 22003.300000 	 43.215950 	 1.996533 	 -12.408161 	 0.211168 	 0.821675 	 0.192804 

 22094.600000 	 43.268742 	 2.201952 	 -12.359960 	 0.206498 	 0.821438 	 0.194138 

 22185.900000 	 43.320366 	 2.407311 	 -12.311426 	 0.201837 	 0.821179 	 0.195463 

 22277.200000 	 43.370826 	 2.612606 	 -12.262560 	 0.197185 	 0.820898 	 0.196778 

 22368.500000 	 43.420122 	 2.817831 	 -12.213365 	 0.192543 	 0.820597 	 0.198084 

 22459.800000 	 43.468258 	 3.022980 	 -12.163844 	 0.187909 	 0.820275 	 0.199381 

 22551.100000 	 43.515235 	 3.228049 	 -12.113999 	 0.183284 	 0.819932 	 0.200668 

 22642.400000 	 43.561056 	 3.433032 	 -12.063832 	 0.178669 	 0.819568 	 0.201946 

 22733.700000 	 43.605723 	 3.637924 	 -12.013346 	 0.174062 	 0.819184 	 0.203215 

 22825.000000 	 43.649239 	 3.842720 	 -11.962542 	 0.169465 	 0.818779 	 0.204475 

 22916.300000 	 43.691605 	 4.047414 	 -11.911423 	 0.164877 	 0.818354 	 0.205726 

 23007.600000 	 43.732824 	 4.252003 	 -11.859991 	 0.160299 	 0.817909 	 0.206968 

 23098.900000 	 43.772899 	 4.456480 	 -11.808249 	 0.155729 	 0.817444 	 0.208201 

 23190.200000 	 43.811831 	 4.660841 	 -11.756199 	 0.151169 	 0.816959 	 0.209424 

 23281.500000 	 43.849623 	 4.865081 	 -11.703843 	 0.146618 	 0.816454 	 0.210639 

 23372.800000 	 43.886278 	 5.069194 	 -11.651183 	 0.142077 	 0.815929 	 0.211845 

 23464.100000 	 43.921797 	 5.273176 	 -11.598222 	 0.137544 	 0.815385 	 0.213041 

 23555.400000 	 43.956183 	 5.477023 	 -11.544962 	 0.133022 	 0.814821 	 0.214229 

 23646.700000 	 43.989439 	 5.680728 	 -11.491405 	 0.128508 	 0.814239 	 0.215408 

 23738.000000 	 44.021566 	 5.884288 	 -11.437553 	 0.124004 	 0.813637 	 0.216579 

 23829.300000 	 44.052567 	 6.087697 	 -11.383408 	 0.119510 	 0.813015 	 0.217740 

 23920.600000 	 44.082444 	 6.290951 	 -11.328973 	 0.115024 	 0.812375 	 0.218893 

 24011.900000 	 44.111200 	 6.494044 	 -11.274250 	 0.110549 	 0.811716 	 0.220037 

 24103.200000 	 44.138837 	 6.696973 	 -11.219241 	 0.106083 	 0.811039 	 0.221172 

 24194.500000 	 44.165358 	 6.899733 	 -11.163948 	 0.101626 	 0.810343 	 0.222298 

 24285.800000 	 44.190764 	 7.102319 	 -11.108373 	 0.097179 	 0.809628 	 0.223416 

 24377.100000 	 44.215059 	 7.304726 	 -11.052519 	 0.092741 	 0.808895 	 0.224525 

 24468.400000 	 44.238244 	 7.506949 	 -10.996388 	 0.088313 	 0.808143 	 0.225626 

 24559.700000 	 44.260323 	 7.708985 	 -10.939981 	 0.083894 	 0.807374 	 0.226718 

 24651.000000 	 44.281296 	 7.910829 	 -10.883302 	 0.079486 	 0.806586 	 0.227802 

 24742.300000 	 44.301168 	 8.112475 	 -10.826351 	 0.075086 	 0.805780 	 0.228877 

 24833.600000 	 44.319939 	 8.313920 	 -10.769132 	 0.070696 	 0.804957 	 0.229944 

 24924.900000 	 44.337613 	 8.515159 	 -10.711646 	 0.066316 	 0.804116 	 0.231002 

 25016.200000 	 44.354192 	 8.716188 	 -10.653895 	 0.061946 	 0.803257 	 0.232052 

 25107.500000 	 44.369679 	 8.917003 	 -10.595883 	 0.057585 	 0.802380 	 0.233093 

 25198.800000 	 44.384075 	 9.117598 	 -10.537609 	 0.053234 	 0.801487 	 0.234126 

 25290.100000 	 44.397384 	 9.317969 	 -10.479078 	 0.048892 	 0.800575 	 0.235151 

 25381.400000 	 44.409607 	 9.518113 	 -10.420290 	 0.044561 	 0.799647 	 0.236167 

 25472.700000 	 44.420747 	 9.718025 	 -10.361248 	 0.040238 	 0.798701 	 0.237175 

 25564.000000 	 44.430806 	 9.917700 	 -10.301954 	 0.035926 	 0.797739 	 0.238175 

 25655.300000 	 44.439788 	 10.117135 	 -10.242411 	 0.031623 	 0.796759 	 0.239167 

 25746.600000 	 44.447694 	 10.316325 	 -10.182619 	 0.027330 	 0.795763 	 0.240150 

 25837.900000 	 44.454526 	 10.515266 	 -10.122581 	 0.023047 	 0.794750 	 0.241126 

 25929.200000 	 44.460288 	 10.713953 	 -10.062300 	 0.018774 	 0.793720 	 0.242093 

 26020.500000 	 44.464981 	 10.912383 	 -10.001776 	 0.014510 	 0.792674 	 0.243052 

 26111.800000 	 44.468609 	 11.110551 	 -9.941013 	 0.010256 	 0.791611 	 0.244003 

 26203.100000 	 44.471173 	 11.308454 	 -9.880013 	 0.006011 	 0.790531 	 0.244946 

 26294.400000 	 44.472676 	 11.506087 	 -9.818776 	 0.001777 	 0.789436 	 0.245881 

 26385.700000 	 44.473120 	 11.703446 	 -9.757306 	 -0.002448 	 0.788324 	 0.246808 

 26477.000000 	 44.472508 	 11.900527 	 -9.695604 	 -0.006663 	 0.787196 	 0.247727 

 26568.300000 	 44.470842 	 12.097326 	 -9.633672 	 -0.010868 	 0.786052 	 0.248638 

 26659.600000 	 44.468125 	 12.293839 	 -9.571513 	 -0.015063 	 0.784892 	 0.249541 

 26750.900000 	 44.464360 	 12.490062 	 -9.509128 	 -0.019249 	 0.783717 	 0.250436 

 26842.200000 	 44.459547 	 12.685991 	 -9.446519 	 -0.023425 	 0.782525 	 0.251323 

 26933.500000 	 44.453691 	 12.881622 	 -9.383688 	 -0.027591 	 0.781318 	 0.252202 

 27024.800000 	 44.446794 	 13.076952 	 -9.320637 	 -0.031747 	 0.780095 	 0.253074 

 27116.100000 	 44.438857 	 13.271976 	 -9.257369 	 -0.035893 	 0.778857 	 0.253938 

 27207.400000 	 44.429884 	 13.466690 	 -9.193884 	 -0.040030 	 0.777603 	 0.254794 

 27298.700000 	 44.419876 	 13.661091 	 -9.130186 	 -0.044156 	 0.776334 	 0.255642 

 27390.000000 	 44.408837 	 13.855174 	 -9.066275 	 -0.048273 	 0.775049 	 0.256482 

 27481.300000 	 44.396769 	 14.048936 	 -9.002155 	 -0.052380 	 0.773750 	 0.257315 

 27572.600000 	 44.383674 	 14.242374 	 -8.937826 	 -0.056477 	 0.772435 	 0.258140 

 27663.900000 	 44.369555 	 14.435483 	 -8.873291 	 -0.060565 	 0.771105 	 0.258958 

 27755.200000 	 44.354413 	 14.628259 	 -8.808552 	 -0.064642 	 0.769760 	 0.259767 

 27846.500000 	 44.338253 	 14.820699 	 -8.743610 	 -0.068710 	 0.768401 	 0.260570 

 27937.800000 	 44.321075 	 15.012799 	 -8.678467 	 -0.072768 	 0.767026 	 0.261364 

 28029.100000 	 44.302883 	 15.204556 	 -8.613126 	 -0.076816 	 0.765637 	 0.262151 

 28120.400000 	 44.283680 	 15.395965 	 -8.547588 	 -0.080854 	 0.764233 	 0.262931 

 28211.700000 	 44.263466 	 15.587023 	 -8.481856 	 -0.084882 	 0.762815 	 0.263702 

 28303.000000 	 44.242246 	 15.777727 	 -8.415930 	 -0.088900 	 0.761382 	 0.264467 

 28394.300000 	 44.220021 	 15.968073 	 -8.349813 	 -0.092909 	 0.759934 	 0.265224 

 28485.600000 	 44.196793 	 16.158056 	 -8.283508 	 -0.096907 	 0.758472 	 0.265973 

 28576.900000 	 44.172567 	 16.347674 	 -8.217014 	 -0.100896 	 0.756996 	 0.266715 

 28668.200000 	 44.147343 	 16.536923 	 -8.150335 	 -0.104875 	 0.755506 	 0.267450 

 28759.500000 	 44.121124 	 16.725800 	 -8.083473 	 -0.108844 	 0.754001 	 0.268177 

 28850.800000 	 44.093913 	 16.914300 	 -8.016429 	 -0.112804 	 0.752482 	 0.268897 

 28942.100000 	 44.065712 	 17.102420 	 -7.949205 	 -0.116753 	 0.750949 	 0.269609 

 29033.400000 	 44.036524 	 17.290158 	 -7.881802 	 -0.120692 	 0.749403 	 0.270314 

 29124.700000 	 44.006350 	 17.477508 	 -7.814224 	 -0.124622 	 0.747842 	 0.271012 

 29216.000000 	 43.975195 	 17.664469 	 -7.746471 	 -0.128542 	 0.746267 	 0.271703 

 29307.300000 	 43.943060 	 17.851036 	 -7.678545 	 -0.132452 	 0.744679 	 0.272386 

 29398.600000 	 43.909947 	 18.037205 	 -7.610449 	 -0.136352 	 0.743077 	 0.273062 

 29489.900000 	 43.875859 	 18.222975 	 -7.542183 	 -0.140242 	 0.741461 	 0.273730 

 29581.200000 	 43.840798 	 18.408340 	 -7.473750 	 -0.144122 	 0.739832 	 0.274392 

 29672.500000 	 43.804768 	 18.593298 	 -7.405153 	 -0.147992 	 0.738189 	 0.275046 

 29763.800000 	 43.767770 	 18.777845 	 -7.336391 	 -0.151853 	 0.736533 	 0.275693 

 29855.100000 	 43.729806 	 18.961979 	 -7.267468 	 -0.155704 	 0.734863 	 0.276333 

 29946.400000 	 43.690880 	 19.145694 	 -7.198384 	 -0.159544 	 0.733180 	 0.276966 

 30037.700000 	 43.650994 	 19.328989 	 -7.129143 	 -0.163375 	 0.731484 	 0.277592 

 30129.000000 	 43.610151 	 19.511860 	 -7.059745 	 -0.167196 	 0.729774 	 0.278210 

 30220.300000 	 43.568351 	 19.694304 	 -6.990192 	 -0.171008 	 0.728051 	 0.278822 

 30311.600000 	 43.525600 	 19.876317 	 -6.920487 	 -0.174809 	 0.726316 	 0.279426 

 30402.900000 	 43.481897 	 20.057896 	 -6.850630 	 -0.178600 	 0.724567 	 0.280024 

 30494.200000 	 43.437247 	 20.239037 	 -6.780624 	 -0.182382 	 0.722805 	 0.280614 

 30585.500000 	 43.391652 	 20.419739 	 -6.710471 	 -0.186154 	 0.721030 	 0.281197 

 30676.800000 	 43.345113 	 20.599996 	 -6.640172 	 -0.189916 	 0.719242 	 0.281773 

 30768.100000 	 43.297634 	 20.779806 	 -6.569728 	 -0.193667 	 0.717441 	 0.282343 

 30859.400000 	 43.249218 	 20.959167 	 -6.499143 	 -0.197410 	 0.715628 	 0.282905 

 30950.700000 	 43.199865 	 21.138074 	 -6.428416 	 -0.201142 	 0.713801 	 0.283460 

 31042.000000 	 43.149580 	 21.316524 	 -6.357551 	 -0.204864 	 0.711963 	 0.284009 

 31133.300000 	 43.098364 	 21.494515 	 -6.286549 	 -0.208577 	 0.710111 	 0.284550 

 31224.600000 	 43.046219 	 21.672042 	 -6.215411 	 -0.212279 	 0.708247 	 0.285085 

 31315.900000 	 42.993150 	 21.849104 	 -6.144140 	 -0.215972 	 0.706370 	 0.285613 

 31407.200000 	 42.939157 	 22.025697 	 -6.072737 	 -0.219655 	 0.704481 	 0.286134 

 31498.500000 	 42.884243 	 22.201817 	 -6.001204 	 -0.223328 	 0.702579 	 0.286648 

 31589.800000 	 42.828411 	 22.377462 	 -5.929542 	 -0.226991 	 0.700665 	 0.287155 

 31681.100000 	 42.771663 	 22.552628 	 -5.857753 	 -0.230645 	 0.698739 	 0.287655 

 31772.400000 	 42.714002 	 22.727313 	 -5.785839 	 -0.234288 	 0.696801 	 0.288149 

 31863.700000 	 42.655430 	 22.901513 	 -5.713802 	 -0.237922 	 0.694850 	 0.288635 

 31955.000000 	 42.595949 	 23.075225 	 -5.641643 	 -0.241545 	 0.692887 	 0.289115 

 32046.300000 	 42.535563 	 23.248447 	 -5.569364 	 -0.245159 	 0.690911 	 0.289589 

 32137.600000 	 42.474273 	 23.421175 	 -5.496967 	 -0.248763 	 0.688924 	 0.290055 

 32228.900000 	 42.412082 	 23.593406 	 -5.424453 	 -0.252357 	 0.686925 	 0.290515 

 32320.200000 	 42.348993 	 23.765137 	 -5.351825 	 -0.255942 	 0.684913 	 0.290968 

 32411.500000 	 42.285008 	 23.936365 	 -5.279083 	 -0.259516 	 0.682890 	 0.291414 

 32502.800000 	 42.220129 	 24.107088 	 -5.206229 	 -0.263081 	 0.680855 	 0.291853 

 32594.100000 	 42.154358 	 24.277302 	 -5.133266 	 -0.266635 	 0.678807 	 0.292286 

 32685.400000 	 42.087700 	 24.447003 	 -5.060194 	 -0.270180 	 0.676748 	 0.292712 

 32776.700000 	 42.020155 	 24.616190 	 -4.987016 	 -0.273715 	 0.674677 	 0.293132 

 32868.000000 	 41.951726 	 24.784860 	 -4.913733 	 -0.277240 	 0.672595 	 0.293545 

 32959.300000 	 41.882416 	 24.953009 	 -4.840347 	 -0.280756 	 0.670501 	 0.293951 

 33050.600000 	 41.812227 	 25.120634 	 -4.766859 	 -0.284261 	 0.668395 	 0.294351 

 33141.900000 	 41.741162 	 25.287732 	 -4.693272 	 -0.287756 	 0.666277 	 0.294744 

 33233.200000 	 41.669222 	 25.454301 	 -4.619586 	 -0.291242 	 0.664148 	 0.295130 

 33324.500000 	 41.596412 	 25.620338 	 -4.545803 	 -0.294718 	 0.662007 	 0.295510 

 33415.800000 	 41.522732 	 25.785840 	 -4.471926 	 -0.298184 	 0.659854 	 0.295883 

 33507.100000 	 41.448187 	 25.950804 	 -4.397955 	 -0.301640 	 0.657691 	 0.296250 

 33598.400000 	 41.372777 	 26.115226 	 -4.323892 	 -0.305086 	 0.655515 	 0.296610 

 33689.700000 	 41.296505 	 26.279105 	 -4.249740 	 -0.308522 	 0.653329 	 0.296964 

 33781.000000 	 41.219374 	 26.442437 	 -4.175499 	 -0.311949 	 0.651130 	 0.297311 

 33872.300000 	 41.141387 	 26.605220 	 -4.101171 	 -0.315365 	 0.648921 	 0.297652 

 33963.600000 	 41.062546 	 26.767450 	 -4.026758 	 -0.318772 	 0.646700 	 0.297986 

 34054.900000 	 40.982853 	 26.929125 	 -3.952262 	 -0.322169 	 0.644468 	 0.298313 

 34146.200000 	 40.902311 	 27.090242 	 -3.877683 	 -0.325556 	 0.642225 	 0.298634 

 34237.500000 	 40.820922 	 27.250799 	 -3.803025 	 -0.328933 	 0.639971 	 0.298949 

 34328.800000 	 40.738689 	 27.410791 	 -3.728288 	 -0.332300 	 0.637705 	 0.299257 

 34420.100000 	 40.655614 	 27.570218 	 -3.653473 	 -0.335657 	 0.635428 	 0.299559 

 34511.400000 	 40.571699 	 27.729075 	 -3.578584 	 -0.339005 	 0.633141 	 0.299854 

 34602.700000 	 40.486948 	 27.887360 	 -3.503620 	 -0.342342 	 0.630842 	 0.300143 

 34694.000000 	 40.401362 	 28.045070 	 -3.428584 	 -0.345670 	 0.628532 	 0.300425 

 34785.300000 	 40.314945 	 28.202203 	 -3.353478 	 -0.348988 	 0.626211 	 0.300701 

 34876.600000 	 40.227698 	 28.358756 	 -3.278303 	 -0.352296 	 0.623879 	 0.300971 

 34967.900000 	 40.139624 	 28.514726 	 -3.203060 	 -0.355594 	 0.621536 	 0.301234 

 35059.200000 	 40.050726 	 28.670110 	 -3.127752 	 -0.358882 	 0.619182 	 0.301491 

 35150.500000 	 39.961005 	 28.824905 	 -3.052379 	 -0.362160 	 0.616818 	 0.301741 

 35241.800000 	 39.870465 	 28.979109 	 -2.976944 	 -0.365428 	 0.614442 	 0.301985 

 35333.100000 	 39.779108 	 29.132720 	 -2.901447 	 -0.368687 	 0.612056 	 0.302223 

 35424.400000 	 39.686937 	 29.285734 	 -2.825892 	 -0.371935 	 0.609659 	 0.302454 

 35515.700000 	 39.593953 	 29.438149 	 -2.750278 	 -0.375174 	 0.607251 	 0.302679 

 35607.000000 	 39.500159 	 29.589961 	 -2.674608 	 -0.378402 	 0.604832 	 0.302898 

 35698.300000 	 39.405559 	 29.741169 	 -2.598884 	 -0.381621 	 0.602403 	 0.303110 

 35789.600000 	 39.310154 	 29.891770 	 -2.523106 	 -0.384830 	 0.599963 	 0.303316 

 35880.900000 	 39.213946 	 30.041761 	 -2.447277 	 -0.388029 	 0.597512 	 0.303516 

 35972.200000 	 39.116939 	 30.191139 	 -2.371399 	 -0.391217 	 0.595051 	 0.303709 

 36063.500000 	 39.019135 	 30.339902 	 -2.295471 	 -0.394396 	 0.592579 	 0.303896 

 36154.800000 	 38.920536 	 30.488047 	 -2.219497 	 -0.397565 	 0.590097 	 0.304077 

 36246.100000 	 38.821144 	 30.635571 	 -2.143478 	 -0.400725 	 0.587604 	 0.304251 

 36337.400000 	 38.720963 	 30.782472 	 -2.067415 	 -0.403874 	 0.585100 	 0.304419 

 36428.700000 	 38.619995 	 30.928747 	 -1.991311 	 -0.407013 	 0.582586 	 0.304581 

 36520.000000 	 38.518241 	 31.074393 	 -1.915165 	 -0.410142 	 0.580062 	 0.304737 

 36611.300000 	 38.415706 	 31.219409 	 -1.838981 	 -0.413261 	 0.577527 	 0.304886 

 36702.600000 	 38.312391 	 31.363791 	 -1.762760 	 -0.416371 	 0.574982 	 0.305029 

 36793.900000 	 38.208298 	 31.507536 	 -1.686503 	 -0.419470 	 0.572426 	 0.305166 

 36885.200000 	 38.103430 	 31.650642 	 -1.610211 	 -0.422559 	 0.569860 	 0.305296 

 36976.500000 	 37.997791 	 31.793107 	 -1.533887 	 -0.425639 	 0.567283 	 0.305421 

 37067.800000 	 37.891381 	 31.934928 	 -1.457532 	 -0.428708 	 0.564696 	 0.305539 

 37159.100000 	 37.784204 	 32.076102 	 -1.381147 	 -0.431767 	 0.562099 	 0.305651 

 37250.400000 	 37.676262 	 32.216627 	 -1.304734 	 -0.434816 	 0.559492 	 0.305756 

 37341.700000 	 37.567558 	 32.356500 	 -1.228295 	 -0.437856 	 0.556874 	 0.305856 

 37433.000000 	 37.458094 	 32.495718 	 -1.151832 	 -0.440885 	 0.554246 	 0.305949 

 37524.300000 	 37.347873 	 32.634280 	 -1.075344 	 -0.443904 	 0.551608 	 0.306036 

 37615.600000 	 37.236897 	 32.772182 	 -0.998835 	 -0.446913 	 0.548960 	 0.306116 

 37706.900000 	 37.125169 	 32.909422 	 -0.922306 	 -0.449912 	 0.546301 	 0.306191 

 37798.200000 	 37.012690 	 33.045997 	 -0.845759 	 -0.452902 	 0.543632 	 0.306259 

 37889.500000 	 36.899465 	 33.181905 	 -0.769194 	 -0.455881 	 0.540953 	 0.306321 

 37980.800000 	 36.785495 	 33.317143 	 -0.692614 	 -0.458849 	 0.538264 	 0.306377 

 38072.100000 	 36.670783 	 33.451710 	 -0.616019 	 -0.461808 	 0.535565 	 0.306427 

 38163.400000 	 36.555331 	 33.585601 	 -0.539413 	 -0.464757 	 0.532856 	 0.306470 

 38254.700000 	 36.439141 	 33.718815 	 -0.462795 	 -0.467696 	 0.530137 	 0.306508 

 38346.000000 	 36.322217 	 33.851349 	 -0.386168 	 -0.470624 	 0.527408 	 0.306539 

 38437.300000 	 36.204561 	 33.983201 	 -0.309533 	 -0.473543 	 0.524668 	 0.306564 

 38528.600000 	 36.086176 	 34.114368 	 -0.232892 	 -0.476451 	 0.521919 	 0.306583 

 38619.900000 	 35.967063 	 34.244848 	 -0.156247 	 -0.479349 	 0.519159 	 0.306595 

 38711.200000 	 35.847226 	 34.374638 	 -0.079598 	 -0.482237 	 0.516390 	 0.306602 

 38802.500000 	 35.726666 	 34.503735 	 -0.002948 	 -0.485115 	 0.513611 	 0.306602 

 38893.800000 	 35.605388 	 34.632138 	 0.073703 	 -0.487983 	 0.510822 	 0.306596 

 38985.100000 	 35.483392 	 34.759843 	 0.150352 	 -0.490840 	 0.508022 	 0.306584 

 39076.400000 	 35.360682 	 34.886849 	 0.226998 	 -0.493687 	 0.505213 	 0.306565 

 39167.700000 	 35.237260 	 35.013152 	 0.303639 	 -0.496524 	 0.502394 	 0.306541 

 39259.000000 	 35.113129 	 35.138751 	 0.380274 	 -0.499351 	 0.499565 	 0.306510 

 39350.300000 	 34.988291 	 35.263642 	 0.456902 	 -0.502168 	 0.496727 	 0.306474 

 39441.600000 	 34.862749 	 35.387824 	 0.533520 	 -0.504974 	 0.493878 	 0.306431 

 39532.900000 	 34.736506 	 35.511293 	 0.610128 	 -0.507770 	 0.491019 	 0.306382 

 39624.200000 	 34.609563 	 35.634048 	 0.686723 	 -0.510556 	 0.488151 	 0.306326 

 39715.500000 	 34.481924 	 35.756086 	 0.763305 	 -0.513332 	 0.485273 	 0.306265 

 39806.800000 	 34.353591 	 35.877404 	 0.839871 	 -0.516097 	 0.482385 	 0.306197 

 39898.100000 	 34.224567 	 35.998000 	 0.916421 	 -0.518852 	 0.479487 	 0.306123 

 39989.400000 	 34.094854 	 36.117872 	 0.992951 	 -0.521597 	 0.476580 	 0.306044 

 40080.700000 	 33.964455 	 36.237017 	 1.069462 	 -0.524331 	 0.473663 	 0.305957 

 40172.000000 	 33.833372 	 36.355433 	 1.145952 	 -0.527055 	 0.470736 	 0.305865 

 40263.300000 	 33.701609 	 36.473117 	 1.222418 	 -0.529768 	 0.467799 	 0.305767 

 40354.600000 	 33.569167 	 36.590066 	 1.298860 	 -0.532472 	 0.464852 	 0.305662 

 40445.900000 	 33.436049 	 36.706279 	 1.375275 	 -0.535164 	 0.461896 	 0.305551 

 40537.200000 	 33.302258 	 36.821753 	 1.451663 	 -0.537847 	 0.458930 	 0.305434 

 40628.500000 	 33.167796 	 36.936486 	 1.528022 	 -0.540519 	 0.455955 	 0.305311 

 40719.800000 	 33.032666 	 37.050475 	 1.604349 	 -0.543180 	 0.452969 	 0.305182 

 40811.100000 	 32.896871 	 37.163717 	 1.680645 	 -0.545831 	 0.449975 	 0.305047 

 40902.400000 	 32.760413 	 37.276211 	 1.756907 	 -0.548472 	 0.446970 	 0.304905 

 40993.700000 	 32.623295 	 37.387953 	 1.833133 	 -0.551102 	 0.443956 	 0.304757 

 41085.000000 	 32.485520 	 37.498942 	 1.909322 	 -0.553722 	 0.440932 	 0.304603 

 41176.300000 	 32.347089 	 37.609175 	 1.985473 	 -0.556331 	 0.437898 	 0.304443 

 41267.600000 	 32.208007 	 37.718650 	 2.061584 	 -0.558929 	 0.434855 	 0.304277 

 41358.900000 	 32.068274 	 37.827364 	 2.137653 	 -0.561517 	 0.431803 	 0.304104 

 41450.200000 	 31.927895 	 37.935314 	 2.213679 	 -0.564094 	 0.428740 	 0.303926 

 41541.500000 	 31.786872 	 38.042499 	 2.289661 	 -0.566661 	 0.425669 	 0.303741 

 41632.800000 	 31.645206 	 38.148916 	 2.365596 	 -0.569217 	 0.422587 	 0.303550 

 41724.100000 	 31.502902 	 38.254563 	 2.441483 	 -0.571763 	 0.419496 	 0.303352 

 41815.400000 	 31.359961 	 38.359437 	 2.517321 	 -0.574298 	 0.416395 	 0.303149 

 41906.700000 	 31.216387 	 38.463536 	 2.593108 	 -0.576822 	 0.413285 	 0.302939 

 41998.000000 	 31.072181 	 38.566857 	 2.668843 	 -0.579335 	 0.410166 	 0.302723 

 42089.300000 	 30.927348 	 38.669399 	 2.744524 	 -0.581838 	 0.407036 	 0.302501 

 42180.600000 	 30.781888 	 38.771158 	 2.820149 	 -0.584330 	 0.403898 	 0.302273 

 42271.900000 	 30.635806 	 38.872132 	 2.895718 	 -0.586811 	 0.400749 	 0.302038 

 42363.200000 	 30.489103 	 38.972320 	 2.971227 	 -0.589281 	 0.397592 	 0.301798 

 42454.500000 	 30.341783 	 39.071718 	 3.046677 	 -0.591741 	 0.394424 	 0.301551 

 42545.800000 	 30.193847 	 39.170324 	 3.122064 	 -0.594190 	 0.391248 	 0.301298 

 42637.100000 	 30.045300 	 39.268136 	 3.197389 	 -0.596628 	 0.388061 	 0.301038 

 42728.400000 	 29.896143 	 39.365151 	 3.272648 	 -0.599055 	 0.384866 	 0.300772 

 42819.700000 	 29.746379 	 39.461367 	 3.347841 	 -0.601471 	 0.381660 	 0.300500 

 42911.000000 	 29.596012 	 39.556782 	 3.422967 	 -0.603876 	 0.378446 	 0.300222 

 43002.300000 	 29.445043 	 39.651394 	 3.498022 	 -0.606270 	 0.375222 	 0.299938 

 43093.600000 	 29.293475 	 39.745199 	 3.573007 	 -0.608654 	 0.371988 	 0.299647 

 43184.900000 	 29.141312 	 39.838196 	 3.647918 	 -0.611026 	 0.368745 	 0.299350 

 43276.200000 	 28.988555 	 39.930383 	 3.722756 	 -0.613387 	 0.365492 	 0.299047 

 43367.500000 	 28.835208 	 40.021756 	 3.797518 	 -0.615737 	 0.362230 	 0.298737 

 43458.800000 	 28.681274 	 40.112313 	 3.872202 	 -0.618076 	 0.358959 	 0.298422 

 43550.100000 	 28.526755 	 40.202053 	 3.946807 	 -0.620404 	 0.355678 	 0.298100 

 43641.400000 	 28.371654 	 40.290973 	 4.021332 	 -0.622721 	 0.352388 	 0.297771 

 43732.700000 	 28.215974 	 40.379070 	 4.095775 	 -0.625027 	 0.349088 	 0.297436 

 43824.000000 	 28.059717 	 40.466342 	 4.170134 	 -0.627322 	 0.345779 	 0.297095 

 43915.300000 	 27.902886 	 40.552786 	 4.244408 	 -0.629605 	 0.342461 	 0.296748 

 44006.600000 	 27.745485 	 40.638402 	 4.318595 	 -0.631877 	 0.339133 	 0.296394 

 44097.900000 	 27.587516 	 40.723185 	 4.392694 	 -0.634138 	 0.335796 	 0.296035 

 44189.200000 	 27.428982 	 40.807134 	 4.466702 	 -0.636387 	 0.332449 	 0.295668 

 44280.500000 	 27.269885 	 40.890246 	 4.540619 	 -0.638625 	 0.329093 	 0.295296 

 44371.800000 	 27.110228 	 40.972519 	 4.614443 	 -0.640852 	 0.325727 	 0.294916 

 44463.100000 	 26.950015 	 41.053951 	 4.688172 	 -0.643068 	 0.322353 	 0.294531 

 44554.400000 	 26.789248 	 41.134539 	 4.761805 	 -0.645272 	 0.318968 	 0.294139 

 44645.700000 	 26.627931 	 41.214281 	 4.835340 	 -0.647464 	 0.315575 	 0.293741 

 44737.000000 	 26.466064 	 41.293175 	 4.908775 	 -0.649645 	 0.312172 	 0.293337 

 44828.300000 	 26.303653 	 41.371218 	 4.982109 	 -0.651815 	 0.308760 	 0.292926 

 44919.600000 	 26.140699 	 41.448408 	 5.055341 	 -0.653973 	 0.305338 	 0.292508 

 45010.900000 	 25.977206 	 41.524742 	 5.128468 	 -0.656119 	 0.301907 	 0.292085 

 45102.200000 	 25.813176 	 41.600219 	 5.201489 	 -0.658254 	 0.298466 	 0.291654 

 45193.500000 	 25.648613 	 41.674836 	 5.274403 	 -0.660377 	 0.295017 	 0.291218 

 45284.800000 	 25.483519 	 41.748590 	 5.347207 	 -0.662489 	 0.291558 	 0.290775 

 45376.100000 	 25.317897 	 41.821479 	 5.419901 	 -0.664588 	 0.288089 	 0.290325 

 45467.400000 	 25.151749 	 41.893502 	 5.492482 	 -0.666676 	 0.284611 	 0.289869 

 45558.700000 	 24.985080 	 41.964654 	 5.564950 	 -0.668752 	 0.281124 	 0.289407 

 45650.000000 	 24.817892 	 42.034936 	 5.637301 	 -0.670817 	 0.277628 	 0.288938 

 45741.300000 	 24.650188 	 42.104342 	 5.709536 	 -0.672869 	 0.274122 	 0.288463 

 45832.600000 	 24.481971 	 42.172873 	 5.781652 	 -0.674910 	 0.270607 	 0.287981 

 45923.900000 	 24.313243 	 42.240525 	 5.853647 	 -0.676939 	 0.267082 	 0.287492 

 46015.200000 	 24.144009 	 42.307295 	 5.925520 	 -0.678955 	 0.263548 	 0.286997 

 46106.500000 	 23.974270 	 42.373182 	 5.997269 	 -0.680960 	 0.260005 	 0.286496 

 46197.800000 	 23.804030 	 42.438184 	 6.068893 	 -0.682953 	 0.256453 	 0.285988 

 46289.100000 	 23.633292 	 42.502297 	 6.140390 	 -0.684933 	 0.252891 	 0.285473 

 46380.400000 	 23.462058 	 42.565520 	 6.211758 	 -0.686901 	 0.249320 	 0.284952 

 46471.700000 	 23.290333 	 42.627850 	 6.282996 	 -0.688858 	 0.245740 	 0.284424 

 46563.000000 	 23.118119 	 42.689285 	 6.354103 	 -0.690802 	 0.242150 	 0.283890 

 46654.300000 	 22.945418 	 42.749822 	 6.425075 	 -0.692733 	 0.238551 	 0.283349 

 46745.600000 	 22.772235 	 42.809460 	 6.495912 	 -0.694653 	 0.234942 	 0.282802 

 46836.900000 	 22.598572 	 42.868195 	 6.566613 	 -0.696560 	 0.231325 	 0.282247 

 46928.200000 	 22.424432 	 42.926027 	 6.637175 	 -0.698455 	 0.227698 	 0.281687 

 47019.500000 	 22.249818 	 42.982951 	 6.707596 	 -0.700337 	 0.224061 	 0.281119 

 47110.800000 	 22.074734 	 43.038966 	 6.777876 	 -0.702207 	 0.220416 	 0.280545 

 47202.100000 	 21.899182 	 43.094070 	 6.848012 	 -0.704064 	 0.216761 	 0.279964 

 47293.400000 	 21.723166 	 43.148261 	 6.918004 	 -0.705909 	 0.213097 	 0.279377 

 47384.700000 	 21.546689 	 43.201535 	 6.987848 	 -0.707741 	 0.209423 	 0.278783 

 47476.000000 	 21.369754 	 43.253891 	 7.057543 	 -0.709561 	 0.205740 	 0.278182 

 47567.300000 	 21.192363 	 43.305326 	 7.127089 	 -0.711367 	 0.202048 	 0.277574 

 47658.600000 	 21.014522 	 43.355838 	 7.196482 	 -0.713161 	 0.198347 	 0.276960 

 47749.900000 	 20.836231 	 43.405424 	 7.265722 	 -0.714943 	 0.194636 	 0.276339 

 47841.200000 	 20.657496 	 43.454084 	 7.334807 	 -0.716711 	 0.190916 	 0.275711 

 47932.500000 	 20.478318 	 43.501813 	 7.403735 	 -0.718467 	 0.187187 	 0.275076 

 48023.800000 	 20.298701 	 43.548609 	 7.472504 	 -0.720209 	 0.183448 	 0.274434 

 48115.100000 	 20.118649 	 43.594471 	 7.541112 	 -0.721939 	 0.179701 	 0.273786 

 48206.400000 	 19.938164 	 43.639397 	 7.609559 	 -0.723655 	 0.175943 	 0.273131 

 48297.700000 	 19.757250 	 43.683382 	 7.677842 	 -0.725359 	 0.172177 	 0.272469 

 48389.000000 	 19.575911 	 43.726427 	 7.745959 	 -0.727049 	 0.168401 	 0.271800 

 48480.300000 	 19.394148 	 43.768527 	 7.813909 	 -0.728726 	 0.164616 	 0.271124 

 48571.600000 	 19.211967 	 43.809681 	 7.881690 	 -0.730390 	 0.160822 	 0.270442 

 48662.900000 	 19.029369 	 43.849887 	 7.949300 	 -0.732041 	 0.157019 	 0.269752 

 48754.200000 	 18.846359 	 43.889141 	 8.016738 	 -0.733678 	 0.153206 	 0.269056 

 48845.500000 	 18.662939 	 43.927443 	 8.084002 	 -0.735302 	 0.149384 	 0.268352 

 48936.800000 	 18.479114 	 43.964789 	 8.151091 	 -0.736912 	 0.145552 	 0.267642 

 49028.100000 	 18.294886 	 44.001177 	 8.218001 	 -0.738509 	 0.141712 	 0.266925 

 49119.400000 	 18.110258 	 44.036605 	 8.284732 	 -0.740093 	 0.137862 	 0.266201 

 49210.700000 	 17.925235 	 44.071070 	 8.351282 	 -0.741662 	 0.134003 	 0.265469 

 49302.000000 	 17.739820 	 44.104571 	 8.417650 	 -0.743218 	 0.130134 	 0.264731 

 49393.300000 	 17.554015 	 44.137104 	 8.483832 	 -0.744760 	 0.126257 	 0.263986 

 49484.600000 	 17.367825 	 44.168668 	 8.549829 	 -0.746289 	 0.122370 	 0.263233 

 49575.900000 	 17.181253 	 44.199261 	 8.615637 	 -0.747803 	 0.118473 	 0.262474 

 49667.200000 	 16.994302 	 44.228879 	 8.681256 	 -0.749304 	 0.114568 	 0.261707 

 49758.500000 	 16.806976 	 44.257521 	 8.746682 	 -0.750791 	 0.110653 	 0.260933 

 49849.800000 	 16.619278 	 44.285185 	 8.811916 	 -0.752263 	 0.106729 	 0.260153 

 49941.100000 	 16.431212 	 44.311867 	 8.876954 	 -0.753722 	 0.102796 	 0.259365 

 50032.400000 	 16.242782 	 44.337566 	 8.941795 	 -0.755166 	 0.098854 	 0.258570 

 50123.700000 	 16.053991 	 44.362279 	 9.006438 	 -0.756596 	 0.094902 	 0.257767 

 50215.000000 	 15.864842 	 44.386005 	 9.070879 	 -0.758012 	 0.090941 	 0.256958 

 50306.300000 	 15.675339 	 44.408740 	 9.135119 	 -0.759413 	 0.086971 	 0.256141 

 50397.600000 	 15.485485 	 44.430483 	 9.199154 	 -0.760800 	 0.082991 	 0.255317 

 50488.900000 	 15.295285 	 44.451231 	 9.262984 	 -0.762172 	 0.079003 	 0.254486 

 50580.200000 	 15.104742 	 44.470981 	 9.326605 	 -0.763530 	 0.075005 	 0.253648 

 50671.500000 	 14.913860 	 44.489733 	 9.390017 	 -0.764874 	 0.070998 	 0.252802 

 50762.800000 	 14.722641 	 44.507482 	 9.453218 	 -0.766202 	 0.066982 	 0.251949 

 50854.100000 	 14.531091 	 44.524227 	 9.516205 	 -0.767516 	 0.062956 	 0.251089 

 50945.400000 	 14.339212 	 44.539967 	 9.578977 	 -0.768815 	 0.058922 	 0.250221 

 51036.700000 	 14.147008 	 44.554697 	 9.641532 	 -0.770099 	 0.054878 	 0.249346 

 51128.000000 	 13.954483 	 44.568416 	 9.703869 	 -0.771368 	 0.050825 	 0.248463 

 51219.300000 	 13.761641 	 44.581122 	 9.765984 	 -0.772622 	 0.046762 	 0.247573 

 51310.600000 	 13.568486 	 44.592813 	 9.827878 	 -0.773861 	 0.042691 	 0.246676 

 51401.900000 	 13.375021 	 44.603486 	 9.889547 	 -0.775084 	 0.038610 	 0.245771 

 51493.200000 	 13.181250 	 44.613138 	 9.950990 	 -0.776293 	 0.034520 	 0.244859 

 51584.500000 	 12.987176 	 44.621768 	 10.012204 	 -0.777486 	 0.030421 	 0.243939 

 51675.800000 	 12.792805 	 44.629374 	 10.073189 	 -0.778663 	 0.026313 	 0.243012 

 51767.100000 	 12.598139 	 44.635952 	 10.133942 	 -0.779825 	 0.022196 	 0.242077 

 51858.400000 	 12.403183 	 44.641501 	 10.194461 	 -0.780972 	 0.018069 	 0.241135 

 51949.700000 	 12.207940 	 44.646018 	 10.254745 	 -0.782103 	 0.013934 	 0.240185 

 52041.000000 	 12.012414 	 44.649501 	 10.314791 	 -0.783218 	 0.009789 	 0.239228 

 52132.300000 	 11.816609 	 44.651949 	 10.374598 	 -0.784317 	 0.005635 	 0.238262 

 52223.600000 	 11.620530 	 44.653357 	 10.434164 	 -0.785401 	 0.001472 	 0.237290 

 52314.900000 	 11.424180 	 44.653725 	 10.493486 	 -0.786468 	 -0.002700 	 0.236309 

 52406.200000 	 11.227563 	 44.653050 	 10.552564 	 -0.787519 	 -0.006882 	 0.235321 

 52497.500000 	 11.030683 	 44.651330 	 10.611394 	 -0.788555 	 -0.011072 	 0.234325 

 52588.800000 	 10.833545 	 44.648562 	 10.669975 	 -0.789574 	 -0.015272 	 0.233322 

 52680.100000 	 10.636151 	 44.644744 	 10.728306 	 -0.790576 	 -0.019480 	 0.232310 

 52771.400000 	 10.438507 	 44.639874 	 10.786383 	 -0.791562 	 -0.023698 	 0.231291 

 52862.700000 	 10.240616 	 44.633949 	 10.844206 	 -0.792532 	 -0.027925 	 0.230264 

 52954.000000 	 10.042483 	 44.626968 	 10.901772 	 -0.793485 	 -0.032160 	 0.229229 

 53045.300000 	 9.844112 	 44.618928 	 10.959079 	 -0.794422 	 -0.036405 	 0.228187 

 53136.600000 	 9.645507 	 44.609827 	 11.016126 	 -0.795342 	 -0.040659 	 0.227136 

 53227.900000 	 9.446671 	 44.599662 	 11.072910 	 -0.796245 	 -0.044922 	 0.226078 

 53319.200000 	 9.247610 	 44.588431 	 11.129430 	 -0.797131 	 -0.049194 	 0.225012 

 53410.500000 	 9.048327 	 44.576133 	 11.185683 	 -0.798000 	 -0.053475 	 0.223937 

 53501.800000 	 8.848827 	 44.562764 	 11.241667 	 -0.798851 	 -0.057765 	 0.222855 

 53593.100000 	 8.649115 	 44.548323 	 11.297381 	 -0.799686 	 -0.062064 	 0.221765 

 53684.400000 	 8.449193 	 44.532807 	 11.352822 	 -0.800503 	 -0.066372 	 0.220667 

 53775.700000 	 8.249067 	 44.516214 	 11.407989 	 -0.801303 	 -0.070689 	 0.219561 

 53867.000000 	 8.048741 	 44.498542 	 11.462879 	 -0.802086 	 -0.075014 	 0.218446 

 53958.300000 	 7.848220 	 44.479788 	 11.517490 	 -0.802851 	 -0.079349 	 0.217324 

 54049.600000 	 7.647507 	 44.459951 	 11.571821 	 -0.803598 	 -0.083693 	 0.216193 

 54140.900000 	 7.446608 	 44.439027 	 11.625870 	 -0.804327 	 -0.088045 	 0.215055 

 54232.200000 	 7.245526 	 44.417016 	 11.679633 	 -0.805039 	 -0.092407 	 0.213908 

 54323.500000 	 7.044266 	 44.393914 	 11.733110 	 -0.805732 	 -0.096777 	 0.212753 

 54414.800000 	 6.842833 	 44.369720 	 11.786298 	 -0.806407 	 -0.101156 	 0.211589 

 54506.100000 	 6.641231 	 44.344431 	 11.839196 	 -0.807065 	 -0.105544 	 0.210418 

 54597.400000 	 6.439465 	 44.318045 	 11.891800 	 -0.807703 	 -0.109941 	 0.209238 

 54688.700000 	 6.237539 	 44.290560 	 11.944110 	 -0.808324 	 -0.114347 	 0.208050 

 54780.000000 	 6.035458 	 44.261973 	 11.996122 	 -0.808926 	 -0.118761 	 0.206854 

 54871.300000 	 5.833227 	 44.232282 	 12.047836 	 -0.809509 	 -0.123185 	 0.205649 

 54962.600000 	 5.630850 	 44.201486 	 12.099248 	 -0.810074 	 -0.127617 	 0.204436 

 55053.900000 	 5.428331 	 44.169582 	 12.150357 	 -0.810620 	 -0.132057 	 0.203214 

 55145.200000 	 5.225676 	 44.136568 	 12.201160 	 -0.811146 	 -0.136507 	 0.201984 

 55236.500000 	 5.022890 	 44.102441 	 12.251656 	 -0.811654 	 -0.140965 	 0.200746 

 55327.800000 	 4.819976 	 44.067200 	 12.301843 	 -0.812143 	 -0.145431 	 0.199499 

 55419.100000 	 4.616941 	 44.030842 	 12.351717 	 -0.812612 	 -0.149907 	 0.198243 

 55510.400000 	 4.413788 	 43.993365 	 12.401278 	 -0.813062 	 -0.154391 	 0.196979 

 55601.700000 	 4.210522 	 43.954768 	 12.450523 	 -0.813492 	 -0.158884 	 0.195707 

 55693.000000 	 4.007149 	 43.915047 	 12.499449 	 -0.813903 	 -0.163385 	 0.194425 

 55784.300000 	 3.803673 	 43.874201 	 12.548056 	 -0.814294 	 -0.167894 	 0.193136 

 55875.600000 	 3.600100 	 43.832227 	 12.596340 	 -0.814665 	 -0.172413 	 0.191837 

 55966.900000 	 3.396434 	 43.789124 	 12.644299 	 -0.815016 	 -0.176940 	 0.190530 

 56058.200000 	 3.192680 	 43.744889 	 12.691931 	 -0.815347 	 -0.181475 	 0.189214 

 56149.500000 	 2.988843 	 43.699520 	 12.739235 	 -0.815658 	 -0.186018 	 0.187890 

 56240.800000 	 2.784928 	 43.653016 	 12.786207 	 -0.815948 	 -0.190571 	 0.186556 

 56332.100000 	 2.580941 	 43.605373 	 12.832847 	 -0.816218 	 -0.195131 	 0.185214 

 56423.400000 	 2.376887 	 43.556590 	 12.879150 	 -0.816468 	 -0.199700 	 0.183863 

 56514.700000 	 2.172770 	 43.506665 	 12.925116 	 -0.816696 	 -0.204277 	 0.182503 

 56606.000000 	 1.968596 	 43.455596 	 12.970742 	 -0.816904 	 -0.208863 	 0.181135 

 56697.300000 	 1.764370 	 43.403380 	 13.016025 	 -0.817091 	 -0.213456 	 0.179757 

 56788.600000 	 1.560097 	 43.350016 	 13.060965 	 -0.817256 	 -0.218058 	 0.178371 

 56879.900000 	 1.355783 	 43.295502 	 13.105557 	 -0.817401 	 -0.222669 	 0.176975 

 56971.200000 	 1.151433 	 43.239835 	 13.149801 	 -0.817524 	 -0.227287 	 0.175571 

 57062.500000 	 0.947052 	 43.183013 	 13.193694 	 -0.817625 	 -0.231913 	 0.174157 

 57153.800000 	 0.742646 	 43.125035 	 13.237233 	 -0.817705 	 -0.236548 	 0.172735 

 57245.100000 	 0.538220 	 43.065898 	 13.280417 	 -0.817763 	 -0.241190 	 0.171303 

 57336.400000 	 0.333779 	 43.005600 	 13.323242 	 -0.817799 	 -0.245841 	 0.169862 

 57427.700000 	 0.129329 	 42.944140 	 13.365708 	 -0.817813 	 -0.250500 	 0.168412 

 57519.000000 	 -0.075124 	 42.881515 	 13.407811 	 -0.817805 	 -0.255166 	 0.166953 

 57610.300000 	 -0.279575 	 42.817723 	 13.449549 	 -0.817774 	 -0.259841 	 0.165485 

 57701.600000 	 -0.484019 	 42.752763 	 13.490920 	 -0.817721 	 -0.264523 	 0.164007 

 57792.900000 	 -0.688449 	 42.686632 	 13.531922 	 -0.817646 	 -0.269213 	 0.162520 

 57884.200000 	 -0.892860 	 42.619329 	 13.572552 	 -0.817547 	 -0.273911 	 0.161024 

 57975.500000 	 -1.097247 	 42.550851 	 13.612808 	 -0.817426 	 -0.278616 	 0.159519 

 58066.800000 	 -1.301604 	 42.481197 	 13.652688 	 -0.817281 	 -0.283330 	 0.158004 

 58158.100000 	 -1.505924 	 42.410365 	 13.692189 	 -0.817114 	 -0.288051 	 0.156480 

 58249.400000 	 -1.710202 	 42.338352 	 13.731309 	 -0.816923 	 -0.292779 	 0.154947 

 58340.700000 	 -1.914433 	 42.265157 	 13.770046 	 -0.816708 	 -0.297515 	 0.153404 

 58432.000000 	 -2.118610 	 42.190779 	 13.808397 	 -0.816470 	 -0.302258 	 0.151851 

 58523.300000 	 -2.322728 	 42.115214 	 13.846360 	 -0.816208 	 -0.307009 	 0.150289 

 58614.600000 	 -2.526780 	 42.038462 	 13.883932 	 -0.815922 	 -0.311768 	 0.148718 

 58705.900000 	 -2.730760 	 41.960520 	 13.921111 	 -0.815612 	 -0.316533 	 0.147137 

 58797.200000 	 -2.934663 	 41.881387 	 13.957895 	 -0.815278 	 -0.321306 	 0.145546 

 58888.500000 	 -3.138483 	 41.801060 	 13.994282 	 -0.814919 	 -0.326086 	 0.143946 

 58979.800000 	 -3.342212 	 41.719539 	 14.030268 	 -0.814535 	 -0.330873 	 0.142336 

 59071.100000 	 -3.545846 	 41.636820 	 14.065852 	 -0.814127 	 -0.335667 	 0.140716 

 59162.400000 	 -3.749378 	 41.552904 	 14.101031 	 -0.813694 	 -0.340468 	 0.139087 

 59253.700000 	 -3.952801 	 41.467786 	 14.135803 	 -0.813235 	 -0.345277 	 0.137448 

 59345.000000 	 -4.156110 	 41.381467 	 14.170165 	 -0.812752 	 -0.350092 	 0.135799 

 59436.300000 	 -4.359298 	 41.293944 	 14.204115 	 -0.812243 	 -0.354914 	 0.134140 

 59527.600000 	 -4.562359 	 41.205216 	 14.237650 	 -0.811708 	 -0.359742 	 0.132472 

 59618.900000 	 -4.765286 	 41.115280 	 14.270768 	 -0.811148 	 -0.364578 	 0.130794 

 59710.200000 	 -4.968073 	 41.024136 	 14.303466 	 -0.810561 	 -0.369420 	 0.129105 

 59801.500000 	 -5.170713 	 40.931781 	 14.335743 	 -0.809949 	 -0.374268 	 0.127407 

 59892.800000 	 -5.373200 	 40.838214 	 14.367594 	 -0.809310 	 -0.379123 	 0.125699 

 59984.100000 	 -5.575527 	 40.743433 	 14.399019 	 -0.808645 	 -0.383984 	 0.123981 

 60075.400000 	 -5.777689 	 40.647437 	 14.430015 	 -0.807953 	 -0.388852 	 0.122253 

 60166.700000 	 -5.979677 	 40.550224 	 14.460578 	 -0.807234 	 -0.393726 	 0.120515 

 60258.000000 	 -6.181485 	 40.451793 	 14.490707 	 -0.806488 	 -0.398606 	 0.118767 

 60349.300000 	 -6.383107 	 40.352141 	 14.520398 	 -0.805715 	 -0.403492 	 0.117009 

 60440.600000 	 -6.584536 	 40.251268 	 14.549651 	 -0.804915 	 -0.408385 	 0.115240 

 60531.900000 	 -6.785765 	 40.149172 	 14.578461 	 -0.804087 	 -0.413283 	 0.113462 

 60623.200000 	 -6.986787 	 40.045851 	 14.606826 	 -0.803232 	 -0.418187 	 0.111673 

 60714.500000 	 -7.187595 	 39.941304 	 14.634744 	 -0.802348 	 -0.423096 	 0.109874 

 60805.800000 	 -7.388182 	 39.835530 	 14.662213 	 -0.801437 	 -0.428012 	 0.108065 

 60897.100000 	 -7.588541 	 39.728528 	 14.689229 	 -0.800497 	 -0.432932 	 0.106245 

 60988.400000 	 -7.788665 	 39.620294 	 14.715790 	 -0.799528 	 -0.437859 	 0.104416 

 61079.700000 	 -7.988547 	 39.510830 	 14.741894 	 -0.798531 	 -0.442790 	 0.102576 

 61171.000000 	 -8.188180 	 39.400132 	 14.767538 	 -0.797505 	 -0.447727 	 0.100725 

 61262.300000 	 -8.387556 	 39.288200 	 14.792720 	 -0.796450 	 -0.452670 	 0.098864 

 61353.600000 	 -8.586669 	 39.175033 	 14.817436 	 -0.795366 	 -0.457617 	 0.096993 

 61444.900000 	 -8.785510 	 39.060629 	 14.841684 	 -0.794252 	 -0.462569 	 0.095112 

 61536.200000 	 -8.984073 	 38.944986 	 14.865462 	 -0.793108 	 -0.467526 	 0.093220 

 61627.500000 	 -9.182350 	 38.828105 	 14.888767 	 -0.791935 	 -0.472487 	 0.091317 

 61718.800000 	 -9.380334 	 38.709983 	 14.911596 	 -0.790731 	 -0.477454 	 0.089404 

 61810.100000 	 -9.578017 	 38.590620 	 14.933947 	 -0.789498 	 -0.482425 	 0.087480 

 61901.400000 	 -9.775391 	 38.470014 	 14.955817 	 -0.788234 	 -0.487400 	 0.085546 

 61992.700000 	 -9.972450 	 38.348164 	 14.977204 	 -0.786939 	 -0.492379 	 0.083601 

 62084.000000 	 -10.169184 	 38.225069 	 14.998104 	 -0.785613 	 -0.497363 	 0.081646 

 62175.300000 	 -10.365587 	 38.100728 	 15.018516 	 -0.784256 	 -0.502351 	 0.079680 

 62266.600000 	 -10.561651 	 37.975141 	 15.038435 	 -0.782868 	 -0.507342 	 0.077703 

 62357.900000 	 -10.757368 	 37.848305 	 15.057861 	 -0.781448 	 -0.512337 	 0.075716 

 62449.200000 	 -10.952730 	 37.720221 	 15.076790 	 -0.779996 	 -0.517336 	 0.073718 

 62540.500000 	 -11.147729 	 37.590887 	 15.095220 	 -0.778513 	 -0.522339 	 0.071709 

 62631.800000 	 -11.342357 	 37.460302 	 15.113147 	 -0.776997 	 -0.527345 	 0.069689 

 62723.100000 	 -11.536607 	 37.328466 	 15.130569 	 -0.775449 	 -0.532354 	 0.067659 

 62814.400000 	 -11.730469 	 37.195377 	 15.147484 	 -0.773868 	 -0.537366 	 0.065618 

 62905.700000 	 -11.923936 	 37.061036 	 15.163888 	 -0.772255 	 -0.542381 	 0.063566 

 62997.000000 	 -12.117000 	 36.925440 	 15.179780 	 -0.770608 	 -0.547399 	 0.061503 

 63088.300000 	 -12.309652 	 36.788591 	 15.195156 	 -0.768928 	 -0.552420 	 0.059429 

 63179.600000 	 -12.501884 	 36.650486 	 15.210013 	 -0.767215 	 -0.557443 	 0.057345 

 63270.900000 	 -12.693687 	 36.511125 	 15.224349 	 -0.765468 	 -0.562468 	 0.055249 

 63362.200000 	 -12.885054 	 36.370508 	 15.238161 	 -0.763686 	 -0.567496 	 0.053143 

 63453.500000 	 -13.075976 	 36.228634 	 15.251447 	 -0.761871 	 -0.572526 	 0.051025 

 63544.800000 	 -13.266444 	 36.085502 	 15.264203 	 -0.760021 	 -0.577557 	 0.048897 

 63636.100000 	 -13.456449 	 35.941113 	 15.276427 	 -0.758137 	 -0.582590 	 0.046758 

 63727.400000 	 -13.645983 	 35.795466 	 15.288117 	 -0.756217 	 -0.587625 	 0.044607 

 63818.700000 	 -13.835037 	 35.648559 	 15.299269 	 -0.754263 	 -0.592661 	 0.042446 

 63910.000000 	 -14.023603 	 35.500394 	 15.309880 	 -0.752273 	 -0.597698 	 0.040274 

 64001.300000 	 -14.211671 	 35.350970 	 15.319949 	 -0.750248 	 -0.602736 	 0.038090 

 64092.600000 	 -14.399233 	 35.200285 	 15.329471 	 -0.748186 	 -0.607775 	 0.035896 

 64183.900000 	 -14.586280 	 35.048342 	 15.338445 	 -0.746089 	 -0.612815 	 0.033690 

 64275.200000 	 -14.772802 	 34.895138 	 15.346868 	 -0.743955 	 -0.617855 	 0.031474 

 64366.500000 	 -14.958791 	 34.740674 	 15.354736 	 -0.741785 	 -0.622895 	 0.029246 

 64457.800000 	 -15.144237 	 34.584950 	 15.362048 	 -0.739578 	 -0.627935 	 0.027007 

 64549.100000 	 -15.329132 	 34.427966 	 15.368800 	 -0.737334 	 -0.632976 	 0.024757 

 64640.400000 	 -15.513466 	 34.269723 	 15.374989 	 -0.735053 	 -0.638015 	 0.022496 

 64731.700000 	 -15.697229 	 34.110219 	 15.380613 	 -0.732734 	 -0.643054 	 0.020224 

 64823.000000 	 -15.880412 	 33.949455 	 15.385669 	 -0.730377 	 -0.648093 	 0.017941 

 64914.300000 	 -16.063006 	 33.787432 	 15.390154 	 -0.727982 	 -0.653130 	 0.015646 

 65005.600000 	 -16.245002 	 33.624150 	 15.394066 	 -0.725549 	 -0.658166 	 0.013341 

 65096.900000 	 -16.426389 	 33.459608 	 15.397401 	 -0.723077 	 -0.663200 	 0.011024 

 65188.200000 	 -16.607159 	 33.293808 	 15.400157 	 -0.720567 	 -0.668233 	 0.008696 

 65279.500000 	 -16.787300 	 33.126750 	 15.402331 	 -0.718018 	 -0.673264 	 0.006357 

 65370.800000 	 -16.966805 	 32.958434 	 15.403920 	 -0.715429 	 -0.678293 	 0.004007 

 65462.100000 	 -17.145662 	 32.788860 	 15.404922 	 -0.712801 	 -0.683319 	 0.001645 

 65553.400000 	 -17.323862 	 32.618031 	 15.405333 	 -0.710132 	 -0.688343 	 -0.000727 

 65644.700000 	 -17.501395 	 32.445945 	 15.405151 	 -0.707424 	 -0.693363 	 -0.003111 

 65736.000000 	 -17.678251 	 32.272604 	 15.404374 	 -0.704676 	 -0.698381 	 -0.005506 

 65827.300000 	 -17.854420 	 32.098009 	 15.402997 	 -0.701887 	 -0.703395 	 -0.007912 

 65918.600000 	 -18.029892 	 31.922160 	 15.401019 	 -0.699057 	 -0.708406 	 -0.010330 

 66009.900000 	 -18.204656 	 31.745059 	 15.398437 	 -0.696186 	 -0.713412 	 -0.012758 

 66101.200000 	 -18.378702 	 31.566706 	 15.395247 	 -0.693273 	 -0.718414 	 -0.015198 

 66192.500000 	 -18.552021 	 31.387102 	 15.391448 	 -0.690319 	 -0.723412 	 -0.017648 

 66283.800000 	 -18.724601 	 31.206249 	 15.387035 	 -0.687323 	 -0.728405 	 -0.020110 

 66375.100000 	 -18.896432 	 31.024148 	 15.382008 	 -0.684285 	 -0.733393 	 -0.022583 

 66466.400000 	 -19.067503 	 30.840800 	 15.376362 	 -0.681205 	 -0.738375 	 -0.025067 

 66557.700000 	 -19.237804 	 30.656206 	 15.370095 	 -0.678082 	 -0.743352 	 -0.027563 

 66649.000000 	 -19.407325 	 30.470368 	 15.363204 	 -0.674916 	 -0.748323 	 -0.030069 

 66740.300000 	 -19.576054 	 30.283288 	 15.355687 	 -0.671707 	 -0.753287 	 -0.032586 

 66831.600000 	 -19.743980 	 30.094966 	 15.347541 	 -0.668454 	 -0.758245 	 -0.035115 

 66922.900000 	 -19.911094 	 29.905405 	 15.338762 	 -0.665158 	 -0.763196 	 -0.037654 

 67014.200000 	 -20.077383 	 29.714606 	 15.329348 	 -0.661817 	 -0.768140 	 -0.040204 

 67105.500000 	 -20.242838 	 29.522571 	 15.319297 	 -0.658433 	 -0.773076 	 -0.042766 

 67196.800000 	 -20.407446 	 29.329302 	 15.308606 	 -0.655004 	 -0.778004 	 -0.045338 

 67288.100000 	 -20.571197 	 29.134801 	 15.297271 	 -0.651530 	 -0.782924 	 -0.047921 

 67379.400000 	 -20.734079 	 28.939070 	 15.285291 	 -0.648011 	 -0.787836 	 -0.050516 

 67470.700000 	 -20.896082 	 28.742111 	 15.272662 	 -0.644447 	 -0.792738 	 -0.053121 

 67562.000000 	 -21.057194 	 28.543926 	 15.259382 	 -0.640837 	 -0.797631 	 -0.055737 

 67653.300000 	 -21.217403 	 28.344519 	 15.245448 	 -0.637181 	 -0.802515 	 -0.058363 

 67744.600000 	 -21.376698 	 28.143890 	 15.230857 	 -0.633480 	 -0.807388 	 -0.061001 

 67835.900000 	 -21.535068 	 27.942043 	 15.215607 	 -0.629732 	 -0.812251 	 -0.063649 

 67927.200000 	 -21.692501 	 27.738980 	 15.199695 	 -0.625937 	 -0.817104 	 -0.066308 

 68018.500000 	 -21.848985 	 27.534704 	 15.183118 	 -0.622095 	 -0.821945 	 -0.068977 

 68109.800000 	 -22.004509 	 27.329218 	 15.165873 	 -0.618207 	 -0.826775 	 -0.071657 

 68201.100000 	 -22.159061 	 27.122524 	 15.147959 	 -0.614271 	 -0.831592 	 -0.074348 

 68292.400000 	 -22.312629 	 26.914626 	 15.129372 	 -0.610287 	 -0.836397 	 -0.077049 

 68383.700000 	 -22.465200 	 26.705527 	 15.110110 	 -0.606256 	 -0.841190 	 -0.079761 

 68475.000000 	 -22.616764 	 26.495229 	 15.090170 	 -0.602176 	 -0.845969 	 -0.082483 

 68566.300000 	 -22.767308 	 26.283737 	 15.069549 	 -0.598048 	 -0.850735 	 -0.085215 

 68657.600000 	 -22.916820 	 26.071053 	 15.048245 	 -0.593871 	 -0.855487 	 -0.087958 

 68748.900000 	 -23.065288 	 25.857181 	 15.026256 	 -0.589645 	 -0.860224 	 -0.090711 

 68840.200000 	 -23.212699 	 25.642125 	 15.003578 	 -0.585370 	 -0.864946 	 -0.093474 

 68931.500000 	 -23.359042 	 25.425889 	 14.980210 	 -0.581046 	 -0.869653 	 -0.096247 

 69022.800000 	 -23.504303 	 25.208476 	 14.956148 	 -0.576672 	 -0.874344 	 -0.099030 

 69114.100000 	 -23.648471 	 24.989889 	 14.931390 	 -0.572248 	 -0.879019 	 -0.101823 

 69205.400000 	 -23.791533 	 24.770135 	 14.905934 	 -0.567774 	 -0.883677 	 -0.104627 

 69296.700000 	 -23.933477 	 24.549215 	 14.879778 	 -0.563250 	 -0.888318 	 -0.107439 

 69388.000000 	 -24.074289 	 24.327136 	 14.852918 	 -0.558675 	 -0.892941 	 -0.110262 

 69479.300000 	 -24.213958 	 24.103901 	 14.825352 	 -0.554049 	 -0.897546 	 -0.113094 

 69570.600000 	 -24.352470 	 23.879514 	 14.797079 	 -0.549372 	 -0.902132 	 -0.115936 

 69661.900000 	 -24.489813 	 23.653981 	 14.768095 	 -0.544643 	 -0.906699 	 -0.118788 

 69753.200000 	 -24.625974 	 23.427306 	 14.738398 	 -0.539863 	 -0.911247 	 -0.121648 

 69844.500000 	 -24.760939 	 23.199494 	 14.707986 	 -0.535031 	 -0.915774 	 -0.124519 

 69935.800000 	 -24.894697 	 22.970551 	 14.676856 	 -0.530148 	 -0.920280 	 -0.127398 

 70027.100000 	 -25.027234 	 22.740481 	 14.645006 	 -0.525212 	 -0.924765 	 -0.130286 

 70118.400000 	 -25.158537 	 22.509290 	 14.612435 	 -0.520223 	 -0.929228 	 -0.133184 

 70209.700000 	 -25.288593 	 22.276982 	 14.579139 	 -0.515182 	 -0.933669 	 -0.136090 

 70301.000000 	 -25.417388 	 22.043565 	 14.545117 	 -0.510088 	 -0.938087 	 -0.139005 

 70392.300000 	 -25.544910 	 21.809043 	 14.510365 	 -0.504941 	 -0.942481 	 -0.141929 

 70483.600000 	 -25.671145 	 21.573423 	 14.474883 	 -0.499740 	 -0.946852 	 -0.144861 

 70574.900000 	 -25.796080 	 21.336710 	 14.438668 	 -0.494486 	 -0.951197 	 -0.147802 

 70666.200000 	 -25.919702 	 21.098911 	 14.401717 	 -0.489179 	 -0.955518 	 -0.150751 

 70757.500000 	 -26.041997 	 20.860031 	 14.364030 	 -0.483817 	 -0.959812 	 -0.153708 

 70848.800000 	 -26.162951 	 20.620078 	 14.325603 	 -0.478402 	 -0.964081 	 -0.156673 

 70940.100000 	 -26.282551 	 20.379058 	 14.286434 	 -0.472932 	 -0.968322 	 -0.159647 

 71031.400000 	 -26.400784 	 20.136978 	 14.246523 	 -0.467408 	 -0.972535 	 -0.162628 

 71122.700000 	 -26.517636 	 19.893844 	 14.205866 	 -0.461829 	 -0.976721 	 -0.165616 

 71214.000000 	 -26.633094 	 19.649664 	 14.164462 	 -0.456195 	 -0.980877 	 -0.168612 

 71305.300000 	 -26.747142 	 19.404444 	 14.122309 	 -0.450507 	 -0.985004 	 -0.171616 

 71396.600000 	 -26.859769 	 19.158193 	 14.079405 	 -0.444763 	 -0.989101 	 -0.174626 

 71487.900000 	 -26.970960 	 18.910918 	 14.035748 	 -0.438965 	 -0.993166 	 -0.177644 

 71579.200000 	 -27.080701 	 18.662626 	 13.991337 	 -0.433110 	 -0.997201 	 -0.180669 

 71670.500000 	 -27.188979 	 18.413326 	 13.946170 	 -0.427201 	 -1.001203 	 -0.183700 

 71761.800000 	 -27.295779 	 18.163026 	 13.900245 	 -0.421236 	 -1.005172 	 -0.186738 

 71853.100000 	 -27.401088 	 17.911732 	 13.853561 	 -0.415215 	 -1.009108 	 -0.189782 

 71944.400000 	 -27.504892 	 17.659455 	 13.806115 	 -0.409138 	 -1.013010 	 -0.192832 

 72035.700000 	 -27.607176 	 17.406203 	 13.757907 	 -0.403005 	 -1.016877 	 -0.195888 

 72127.000000 	 -27.707927 	 17.151984 	 13.708935 	 -0.396816 	 -1.020708 	 -0.198950 

 72218.300000 	 -27.807131 	 16.896807 	 13.659197 	 -0.390571 	 -1.024502 	 -0.202018 

 72309.600000 	 -27.904774 	 16.640681 	 13.608693 	 -0.384270 	 -1.028260 	 -0.205091 

 72400.900000 	 -28.000841 	 16.383616 	 13.557420 	 -0.377912 	 -1.031980 	 -0.208169 

 72492.200000 	 -28.095319 	 16.125621 	 13.505378 	 -0.371498 	 -1.035662 	 -0.211253 

 72583.500000 	 -28.188194 	 15.866706 	 13.452565 	 -0.365027 	 -1.039304 	 -0.214341 

 72674.800000 	 -28.279451 	 15.606880 	 13.398979 	 -0.358500 	 -1.042906 	 -0.217433 

 72766.100000 	 -28.369076 	 15.346153 	 13.344621 	 -0.351917 	 -1.046467 	 -0.220530 

 72857.400000 	 -28.457055 	 15.084536 	 13.289488 	 -0.345276 	 -1.049987 	 -0.223631 

 72948.700000 	 -28.543374 	 14.822040 	 13.233581 	 -0.338579 	 -1.053465 	 -0.226736 

 73040.000000 	 -28.628019 	 14.558673 	 13.176897 	 -0.331826 	 -1.056899 	 -0.229845 

 73131.300000 	 -28.710975 	 14.294449 	 13.119436 	 -0.325016 	 -1.060290 	 -0.232956 

 73222.600000 	 -28.792229 	 14.029376 	 13.061196 	 -0.318149 	 -1.063636 	 -0.236071 

 73313.900000 	 -28.871766 	 13.763467 	 13.002179 	 -0.311225 	 -1.066936 	 -0.239189 

 73405.200000 	 -28.949573 	 13.496733 	 12.942381 	 -0.304245 	 -1.070190 	 -0.242310 

 73496.500000 	 -29.025634 	 13.229185 	 12.881804 	 -0.297209 	 -1.073398 	 -0.245433 

 73587.800000 	 -29.099936 	 12.960836 	 12.820446 	 -0.290116 	 -1.076557 	 -0.248558 

 73679.100000 	 -29.172465 	 12.691697 	 12.758306 	 -0.282966 	 -1.079667 	 -0.251685 

 73770.400000 	 -29.243207 	 12.421780 	 12.695385 	 -0.275760 	 -1.082728 	 -0.254813 

 73861.700000 	 -29.312147 	 12.151098 	 12.631682 	 -0.268498 	 -1.085739 	 -0.257942 

 73953.000000 	 -29.379271 	 11.879663 	 12.567196 	 -0.261180 	 -1.088698 	 -0.261073 

 74044.300000 	 -29.444566 	 11.607489 	 12.501928 	 -0.253805 	 -1.091605 	 -0.264204 

 74135.600000 	 -29.508018 	 11.334588 	 12.435877 	 -0.246375 	 -1.094459 	 -0.267336 

 74226.900000 	 -29.569611 	 11.060973 	 12.369043 	 -0.238888 	 -1.097260 	 -0.270467 

 74318.200000 	 -29.629333 	 10.786658 	 12.301426 	 -0.231346 	 -1.100005 	 -0.273598 

 74409.500000 	 -29.687170 	 10.511657 	 12.233026 	 -0.223749 	 -1.102695 	 -0.276729 

 74500.800000 	 -29.743107 	 10.235983 	 12.163844 	 -0.216096 	 -1.105329 	 -0.279859 

 74592.100000 	 -29.797131 	 9.959650 	 12.093879 	 -0.208388 	 -1.107906 	 -0.282987 

 74683.400000 	 -29.849228 	 9.682674 	 12.023133 	 -0.200625 	 -1.110424 	 -0.286114 

 74774.700000 	 -29.899384 	 9.405068 	 11.951604 	 -0.192807 	 -1.112883 	 -0.289239 

 74866.000000 	 -29.947586 	 9.126847 	 11.879294 	 -0.184935 	 -1.115282 	 -0.292362 

 74957.300000 	 -29.993820 	 8.848027 	 11.806204 	 -0.177009 	 -1.117620 	 -0.295482 

 75048.600000 	 -30.038072 	 8.568622 	 11.732333 	 -0.169028 	 -1.119897 	 -0.298599 

 75139.900000 	 -30.080329 	 8.288648 	 11.657684 	 -0.160994 	 -1.122110 	 -0.301712 

 75231.200000 	 -30.120578 	 8.008120 	 11.582256 	 -0.152907 	 -1.124261 	 -0.304822 

 75322.500000 	 -30.158804 	 7.727055 	 11.506050 	 -0.144767 	 -1.126346 	 -0.307928 

 75413.800000 	 -30.194996 	 7.445468 	 11.429068 	 -0.136573 	 -1.128367 	 -0.311029 

 75505.100000 	 -30.229139 	 7.163377 	 11.351311 	 -0.128328 	 -1.130321 	 -0.314125 

 75596.400000 	 -30.261221 	 6.880797 	 11.272779 	 -0.120030 	 -1.132207 	 -0.317216 

 75687.700000 	 -30.291229 	 6.597745 	 11.193475 	 -0.111681 	 -1.134026 	 -0.320302 

 75779.000000 	 -30.319149 	 6.314238 	 11.113400 	 -0.103281 	 -1.135775 	 -0.323381 

 75870.300000 	 -30.344969 	 6.030295 	 11.032555 	 -0.094830 	 -1.137455 	 -0.326453 

 75961.600000 	 -30.368677 	 5.745931 	 10.950941 	 -0.086328 	 -1.139063 	 -0.329519 

 76052.900000 	 -30.390259 	 5.461165 	 10.868562 	 -0.077777 	 -1.140600 	 -0.332577 

 76144.200000 	 -30.409703 	 5.176015 	 10.785417 	 -0.069176 	 -1.142064 	 -0.335628 

 76235.500000 	 -30.426997 	 4.890499 	 10.701510 	 -0.060526 	 -1.143454 	 -0.338670 

 76326.800000 	 -30.442129 	 4.604636 	 10.616843 	 -0.051828 	 -1.144770 	 -0.341703 

 76418.100000 	 -30.455086 	 4.318443 	 10.531417 	 -0.043083 	 -1.146010 	 -0.344728 

 76509.400000 	 -30.465856 	 4.031941 	 10.445235 	 -0.034289 	 -1.147174 	 -0.347742 

 76600.700000 	 -30.474429 	 3.745147 	 10.358300 	 -0.025450 	 -1.148260 	 -0.350747 

 76692.000000 	 -30.480791 	 3.458082 	 10.270613 	 -0.016564 	 -1.149268 	 -0.353741 

 76783.300000 	 -30.484932 	 3.170765 	 10.182177 	 -0.007632 	 -1.150197 	 -0.356724 

 76874.600000 	 -30.486840 	 2.883216 	 10.092996 	 0.001344 	 -1.151046 	 -0.359696 

 76965.900000 	 -30.486504 	 2.595455 	 10.003072 	 0.010364 	 -1.151814 	 -0.362656 

 77057.200000 	 -30.483913 	 2.307501 	 9.912408 	 0.019428 	 -1.152500 	 -0.365603 

 77148.500000 	 -30.479056 	 2.019376 	 9.821008 	 0.028535 	 -1.153103 	 -0.368537 

 77239.800000 	 -30.471922 	 1.731100 	 9.728873 	 0.037684 	 -1.153623 	 -0.371458 

 77331.100000 	 -30.462501 	 1.442695 	 9.636009 	 0.046874 	 -1.154058 	 -0.374365 

 77422.400000 	 -30.450783 	 1.154180 	 9.542417 	 0.056104 	 -1.154408 	 -0.377258 

 77513.700000 	 -30.436757 	 0.865578 	 9.448103 	 0.065375 	 -1.154672 	 -0.380136 

 77605.000000 	 -30.420413 	 0.576910 	 9.353069 	 0.074684 	 -1.154848 	 -0.382998 

 77696.300000 	 -30.401742 	 0.288198 	 9.257320 	 0.084031 	 -1.154937 	 -0.385844 

 77787.600000 	 -30.380734 	 -0.000536 	 9.160859 	 0.093416 	 -1.154937 	 -0.388674 

 77878.900000 	 -30.357380 	 -0.289270 	 9.063690 	 0.102837 	 -1.154847 	 -0.391487 

 77970.200000 	 -30.331671 	 -0.577982 	 8.965818 	 0.112293 	 -1.154667 	 -0.394282 

 78061.500000 	 -30.303598 	 -0.866649 	 8.867248 	 0.121784 	 -1.154395 	 -0.397059 

 78152.800000 	 -30.273152 	 -1.155248 	 8.767983 	 0.131308 	 -1.154032 	 -0.399817 

 78244.100000 	 -30.240325 	 -1.443756 	 8.668029 	 0.140865 	 -1.153576 	 -0.402557 

 78335.400000 	 -30.205109 	 -1.732150 	 8.567390 	 0.150453 	 -1.153026 	 -0.405277 

 78426.700000 	 -30.167495 	 -2.020406 	 8.466070 	 0.160072 	 -1.152382 	 -0.407976 

 78518.000000 	 -30.127477 	 -2.308501 	 8.364076 	 0.169721 	 -1.151642 	 -0.410655 

 78609.300000 	 -30.085047 	 -2.596412 	 8.261413 	 0.179398 	 -1.150807 	 -0.413312 

 78700.600000 	 -30.040198 	 -2.884114 	 8.158085 	 0.189103 	 -1.149875 	 -0.415947 

 78791.900000 	 -29.992922 	 -3.171583 	 8.054098 	 0.198833 	 -1.148846 	 -0.418560 

 78883.200000 	 -29.943214 	 -3.458794 	 7.949458 	 0.208589 	 -1.147720 	 -0.421151 

 78974.500000 	 -29.891066 	 -3.745724 	 7.844170 	 0.218369 	 -1.146494 	 -0.423717 

 79065.800000 	 -29.836474 	 -4.032347 	 7.738241 	 0.228171 	 -1.145169 	 -0.426259 

 79157.100000 	 -29.779431 	 -4.318640 	 7.631676 	 0.237996 	 -1.143744 	 -0.428777 

 79248.400000 	 -29.719932 	 -4.604576 	 7.524482 	 0.247840 	 -1.142219 	 -0.431269 

 79339.700000 	 -29.657972 	 -4.890131 	 7.416664 	 0.257704 	 -1.140593 	 -0.433736 

 79431.000000 	 -29.593546 	 -5.175279 	 7.308230 	 0.267586 	 -1.138865 	 -0.436176 

 79522.300000 	 -29.526650 	 -5.459995 	 7.199186 	 0.277484 	 -1.137034 	 -0.438590 

 79613.600000 	 -29.457279 	 -5.744254 	 7.089539 	 0.287397 	 -1.135101 	 -0.440976 

 79704.900000 	 -29.385429 	 -6.028029 	 6.979295 	 0.297325 	 -1.133065 	 -0.443334 

 79796.200000 	 -29.311098 	 -6.311295 	 6.868462 	 0.307265 	 -1.130924 	 -0.445663 

 79887.500000 	 -29.234282 	 -6.594026 	 6.757046 	 0.317217 	 -1.128680 	 -0.447963 

 79978.800000 	 -29.154978 	 -6.876196 	 6.645055 	 0.327178 	 -1.126330 	 -0.450233 

 80070.100000 	 -29.073183 	 -7.157779 	 6.532497 	 0.337148 	 -1.123876 	 -0.452474 

 80161.400000 	 -28.988896 	 -7.438748 	 6.419378 	 0.347124 	 -1.121316 	 -0.454683 

 80252.700000 	 -28.902115 	 -7.719077 	 6.305708 	 0.357107 	 -1.118650 	 -0.456861 

 80344.000000 	 -28.812839 	 -7.998739 	 6.191492 	 0.367093 	 -1.115877 	 -0.459007 

 80435.300000 	 -28.721065 	 -8.277708 	 6.076741 	 0.377083 	 -1.112998 	 -0.461120 

 80526.600000 	 -28.626795 	 -8.555958 	 5.961461 	 0.387073 	 -1.110012 	 -0.463201 

 80617.900000 	 -28.530026 	 -8.833461 	 5.845661 	 0.397063 	 -1.106919 	 -0.465248 

 80709.200000 	 -28.430760 	 -9.110191 	 5.729349 	 0.407051 	 -1.103719 	 -0.467260 

 80800.500000 	 -28.328998 	 -9.386121 	 5.612534 	 0.417036 	 -1.100410 	 -0.469239 

 80891.800000 	 -28.224739 	 -9.661223 	 5.495224 	 0.427016 	 -1.096994 	 -0.471182 

 80983.100000 	 -28.117984 	 -9.935472 	 5.377428 	 0.436990 	 -1.093470 	 -0.473089 

 81074.400000 	 -28.008737 	 -10.208839 	 5.259156 	 0.446955 	 -1.089838 	 -0.474960 

 81165.700000 	 -27.896998 	 -10.481299 	 5.140416 	 0.456910 	 -1.086098 	 -0.476795 

 81257.000000 	 -27.782771 	 -10.752823 	 5.021218 	 0.466855 	 -1.082249 	 -0.478592 

 81348.300000 	 -27.666057 	 -11.023385 	 4.901570 	 0.476786 	 -1.078292 	 -0.480351 

 81439.600000 	 -27.546861 	 -11.292958 	 4.781482 	 0.486702 	 -1.074226 	 -0.482073 

 81530.900000 	 -27.425185 	 -11.561515 	 4.660964 	 0.496603 	 -1.070053 	 -0.483755 

 81622.200000 	 -27.301034 	 -11.829028 	 4.540025 	 0.506486 	 -1.065771 	 -0.485399 

 81713.500000 	 -27.174413 	 -12.095471 	 4.418675 	 0.516349 	 -1.061381 	 -0.487002 

 81804.800000 	 -27.045326 	 -12.360816 	 4.296924 	 0.526190 	 -1.056883 	 -0.488566 

 81896.100000 	 -26.913778 	 -12.625037 	 4.174783 	 0.536009 	 -1.052277 	 -0.490089 

 81987.400000 	 -26.779776 	 -12.888106 	 4.052261 	 0.545804 	 -1.047563 	 -0.491571 

 82078.700000 	 -26.643325 	 -13.149997 	 3.929368 	 0.555572 	 -1.042742 	 -0.493012 

 82170.000000 	 -26.504432 	 -13.410682 	 3.806115 	 0.565312 	 -1.037814 	 -0.494411 

 82261.300000 	 -26.363104 	 -13.670136 	 3.682512 	 0.575022 	 -1.032779 	 -0.495767 

 82352.600000 	 -26.219349 	 -13.928330 	 3.558570 	 0.584701 	 -1.027637 	 -0.497081 

 82443.900000 	 -26.073173 	 -14.185239 	 3.434300 	 0.594347 	 -1.022389 	 -0.498351 

 82535.200000 	 -25.924587 	 -14.440837 	 3.309713 	 0.603958 	 -1.017035 	 -0.499578 

 82626.500000 	 -25.773597 	 -14.695095 	 3.184818 	 0.613533 	 -1.011576 	 -0.500761 

 82717.800000 	 -25.620214 	 -14.947989 	 3.059628 	 0.623069 	 -1.006012 	 -0.501900 

 82809.100000 	 -25.464447 	 -15.199492 	 2.934153 	 0.632566 	 -1.000344 	 -0.502994 

 82900.400000 	 -25.306305 	 -15.449578 	 2.808404 	 0.642020 	 -0.994572 	 -0.504044 

 82991.700000 	 -25.145800 	 -15.698221 	 2.682393 	 0.651432 	 -0.988696 	 -0.505048 

 83083.000000 	 -24.982942 	 -15.945395 	 2.556131 	 0.660798 	 -0.982718 	 -0.506006 

 83174.300000 	 -24.817743 	 -16.191075 	 2.429630 	 0.670118 	 -0.976638 	 -0.506918 

 83265.600000 	 -24.650213 	 -16.435234 	 2.302900 	 0.679389 	 -0.970456 	 -0.507784 

 83356.900000 	 -24.480366 	 -16.677848 	 2.175954 	 0.688610 	 -0.964174 	 -0.508604 

 83448.200000 	 -24.308213 	 -16.918892 	 2.048803 	 0.697780 	 -0.957792 	 -0.509377 

 83539.500000 	 -24.133768 	 -17.158340 	 1.921459 	 0.706896 	 -0.951311 	 -0.510103 

 83630.800000 	 -23.957044 	 -17.396168 	 1.793933 	 0.715957 	 -0.944732 	 -0.510781 

 83722.100000 	 -23.778055 	 -17.632350 	 1.666238 	 0.724961 	 -0.938055 	 -0.511412 

 83813.400000 	 -23.596815 	 -17.866864 	 1.538385 	 0.733906 	 -0.931281 	 -0.511995 

 83904.700000 	 -23.413338 	 -18.099684 	 1.410386 	 0.742792 	 -0.924412 	 -0.512531 

 83996.000000 	 -23.227640 	 -18.330787 	 1.282253 	 0.751616 	 -0.917448 	 -0.513018 

 84087.300000 	 -23.039736 	 -18.560150 	 1.153999 	 0.760377 	 -0.910391 	 -0.513457 

 84178.600000 	 -22.849642 	 -18.787747 	 1.025635 	 0.769073 	 -0.903241 	 -0.513847 

 84269.900000 	 -22.657374 	 -19.013557 	 0.897173 	 0.777703 	 -0.895999 	 -0.514189 

 84361.200000 	 -22.462948 	 -19.237557 	 0.768626 	 0.786264 	 -0.888667 	 -0.514482 

 84452.500000 	 -22.266382 	 -19.459724 	 0.640005 	 0.794757 	 -0.881245 	 -0.514726 

 84543.800000 	 -22.067693 	 -19.680035 	 0.511324 	 0.803178 	 -0.873735 	 -0.514921 

 84635.100000 	 -21.866898 	 -19.898469 	 0.382594 	 0.811527 	 -0.866137 	 -0.515067 

 84726.400000 	 -21.664017 	 -20.115003 	 0.253827 	 0.819802 	 -0.858454 	 -0.515164 

 84817.700000 	 -21.459066 	 -20.329616 	 0.125036 	 0.828001 	 -0.850686 	 -0.515212 

 84909.000000 	 -21.252066 	 -20.542288 	 -0.003767 	 0.836124 	 -0.842834 	 -0.515210 

 85000.300000 	 -21.043035 	 -20.752996 	 -0.132569 	 0.844169 	 -0.834901 	 -0.515159 

 85091.600000 	 -20.831993 	 -20.961722 	 -0.261359 	 0.852134 	 -0.826886 	 -0.515060 

 85182.900000 	 -20.618959 	 -21.168443 	 -0.390124 	 0.860018 	 -0.818792 	 -0.514910 

 85274.200000 	 -20.403955 	 -21.373141 	 -0.518852 	 0.867820 	 -0.810620 	 -0.514712 

 85365.500000 	 -20.187000 	 -21.575796 	 -0.647530 	 0.875538 	 -0.802370 	 -0.514464 

 85456.800000 	 -19.968115 	 -21.776389 	 -0.776146 	 0.883171 	 -0.794046 	 -0.514168 

 85548.100000 	 -19.747322 	 -21.974900 	 -0.904688 	 0.890718 	 -0.785647 	 -0.513822 

 85639.400000 	 -19.524643 	 -22.171312 	 -1.033143 	 0.898178 	 -0.777176 	 -0.513427 

 85730.700000 	 -19.300098 	 -22.365606 	 -1.161500 	 0.905550 	 -0.768634 	 -0.512984 

 85822.000000 	 -19.073711 	 -22.557764 	 -1.289746 	 0.912831 	 -0.760022 	 -0.512491 

 85913.300000 	 -18.845503 	 -22.747770 	 -1.417869 	 0.920022 	 -0.751343 	 -0.511950 

 86004.600000 	 -18.615498 	 -22.935606 	 -1.545856 	 0.927121 	 -0.742596 	 -0.511361 

 86095.900000 	 -18.383717 	 -23.121255 	 -1.673696 	 0.934126 	 -0.733785 	 -0.510723 

 86187.200000 	 -18.150186 	 -23.304701 	 -1.801377 	 0.941038 	 -0.724911 	 -0.510037 

 86278.500000 	 -17.914926 	 -23.485929 	 -1.928886 	 0.947855 	 -0.715974 	 -0.509303 

 86369.800000 	 -17.677963 	 -23.664922 	 -2.056212 	 0.954575 	 -0.706978 	 -0.508521 

 86461.100000 	 -17.439319 	 -23.841667 	 -2.183342 	 0.961199 	 -0.697922 	 -0.507692 

 86552.400000 	 -17.199019 	 -24.016147 	 -2.310265 	 0.967725 	 -0.688810 	 -0.506815 

 86643.700000 	 -16.957088 	 -24.188350 	 -2.436969 	 0.974151 	 -0.679643 	 -0.505892 

 86735.000000 	 -16.713550 	 -24.358261 	 -2.563442 	 0.980479 	 -0.670422 	 -0.504921 

 86826.300000 	 -16.468430 	 -24.525866 	 -2.689673 	 0.986705 	 -0.661148 	 -0.503904 

 86917.600000 	 -16.221754 	 -24.691153 	 -2.815649 	 0.992831 	 -0.651825 	 -0.502841 

 87008.900000 	 -15.973546 	 -24.854109 	 -2.941359 	 0.998854 	 -0.642453 	 -0.501732 

 87100.200000 	 -15.723833 	 -25.014723 	 -3.066792 	 1.004775 	 -0.633034 	 -0.500577 

 87191.500000 	 -15.472639 	 -25.172981 	 -3.191936 	 1.010592 	 -0.623569 	 -0.499377 

 87282.800000 	 -15.219991 	 -25.328873 	 -3.316781 	 1.016305 	 -0.614061 	 -0.498132 

 87374.100000 	 -14.965915 	 -25.482389 	 -3.441314 	 1.021914 	 -0.604511 	 -0.496843 

 87465.400000 	 -14.710436 	 -25.633516 	 -3.565524 	 1.027418 	 -0.594921 	 -0.495509 

 87556.700000 	 -14.453582 	 -25.782247 	 -3.689402 	 1.032815 	 -0.585293 	 -0.494131 

 87648.000000 	 -14.195378 	 -25.928570 	 -3.812934 	 1.038107 	 -0.575628 	 -0.492709 

 87739.300000 	 -13.935851 	 -26.072477 	 -3.936112 	 1.043292 	 -0.565927 	 -0.491245 

 87830.600000 	 -13.675028 	 -26.213959 	 -4.058923 	 1.048369 	 -0.556194 	 -0.489738 

 87921.900000 	 -13.412936 	 -26.353007 	 -4.181357 	 1.053339 	 -0.546429 	 -0.488188 

 88013.200000 	 -13.149601 	 -26.489614 	 -4.303404 	 1.058202 	 -0.536634 	 -0.486597 

 88104.500000 	 -12.885051 	 -26.623773 	 -4.425054 	 1.062956 	 -0.526811 	 -0.484965 

 88195.800000 	 -12.619312 	 -26.755475 	 -4.546295 	 1.067601 	 -0.516961 	 -0.483291 

 88287.100000 	 -12.352412 	 -26.884716 	 -4.667118 	 1.072138 	 -0.507087 	 -0.481577 

 88378.400000 	 -12.084377 	 -27.011487 	 -4.787512 	 1.076566 	 -0.497190 	 -0.479823 

 88469.700000 	 -11.815235 	 -27.135785 	 -4.907467 	 1.080885 	 -0.487271 	 -0.478029 

 88561.000000 	 -11.545014 	 -27.257603 	 -5.026975 	 1.085094 	 -0.477333 	 -0.476196 

 88652.300000 	 -11.273741 	 -27.376936 	 -5.146024 	 1.089194 	 -0.467376 	 -0.474324 

 88743.600000 	 -11.001442 	 -27.493780 	 -5.264605 	 1.093185 	 -0.457404 	 -0.472415 

 88834.900000 	 -10.728146 	 -27.608131 	 -5.382708 	 1.097066 	 -0.447416 	 -0.470468 

 88926.200000 	 -10.453880 	 -27.719985 	 -5.500325 	 1.100837 	 -0.437416 	 -0.468483 

 89017.500000 	 -10.178670 	 -27.829339 	 -5.617446 	 1.104499 	 -0.427404 	 -0.466462 

 89108.800000 	 -9.902546 	 -27.936190 	 -5.734062 	 1.108051 	 -0.417383 	 -0.464406 

 89200.100000 	 -9.625533 	 -28.040536 	 -5.850163 	 1.111494 	 -0.407354 	 -0.462313 

 89291.400000 	 -9.347660 	 -28.142374 	 -5.965742 	 1.114827 	 -0.397318 	 -0.460186 

 89382.700000 	 -9.068953 	 -28.241704 	 -6.080788 	 1.118052 	 -0.387277 	 -0.458024 

 89474.000000 	 -8.789440 	 -28.338523 	 -6.195294 	 1.121167 	 -0.377233 	 -0.455828 

 89565.300000 	 -8.509148 	 -28.432831 	 -6.309251 	 1.124173 	 -0.367187 	 -0.453599 

 89656.600000 	 -8.228105 	 -28.524628 	 -6.422651 	 1.127071 	 -0.357141 	 -0.451337 

 89747.900000 	 -7.946337 	 -28.613913 	 -6.535485 	 1.129861 	 -0.347096 	 -0.449043 

 89839.200000 	 -7.663872 	 -28.700687 	 -6.647745 	 1.132542 	 -0.337055 	 -0.446717 

 89930.500000 	 -7.380737 	 -28.784951 	 -6.759425 	 1.135116 	 -0.327017 	 -0.444360 

 90021.800000 	 -7.096958 	 -28.866705 	 -6.870514 	 1.137582 	 -0.316985 	 -0.441972 

 90113.100000 	 -6.812562 	 -28.945952 	 -6.981007 	 1.139941 	 -0.306961 	 -0.439554 

 90204.400000 	 -6.527577 	 -29.022692 	 -7.090896 	 1.142194 	 -0.296946 	 -0.437107 

 90295.700000 	 -6.242028 	 -29.096928 	 -7.200173 	 1.144340 	 -0.286940 	 -0.434631 

 90387.000000 	 -5.955943 	 -29.168663 	 -7.308831 	 1.146381 	 -0.276946 	 -0.432127 

 90478.300000 	 -5.669348 	 -29.237900 	 -7.416862 	 1.148316 	 -0.266966 	 -0.429595 

 90569.600000 	 -5.382269 	 -29.304641 	 -7.524261 	 1.150147 	 -0.256999 	 -0.427036 

 90660.900000 	 -5.094732 	 -29.368891 	 -7.631020 	 1.151873 	 -0.247048 	 -0.424451 
