DÍA 	     (X) 	       (Y) 	      (Z) 	      (VX) 	       (VY) 	      (VZ) 
0.000000 	 -0.648145 	 0.680971 	 0.295302 	 -4.832773 	 -3.811818 	 -1.625062 
0.985500 	 -0.661193 	 0.670679 	 0.290915 	 -4.760570 	 -3.887679 	 -1.657958 
1.971000 	 -0.674047 	 0.660182 	 0.286438 	 -4.686981 	 -3.962323 	 -1.690336 
2.956500 	 -0.686702 	 0.649484 	 0.281874 	 -4.612033 	 -4.035730 	 -1.722186 
3.942000 	 -0.699154 	 0.638588 	 0.277224 	 -4.535749 	 -4.107879 	 -1.753498 
4.927500 	 -0.711401 	 0.627496 	 0.272490 	 -4.458157 	 -4.178750 	 -1.784265 
5.913000 	 -0.723438 	 0.616214 	 0.267672 	 -4.379282 	 -4.248322 	 -1.814476 
6.898500 	 -0.735262 	 0.604743 	 0.262773 	 -4.299151 	 -4.316576 	 -1.844125 
7.883999 	 -0.746870 	 0.593088 	 0.257794 	 -4.217791 	 -4.383494 	 -1.873202 
8.869499 	 -0.758258 	 0.581253 	 0.252737 	 -4.135229 	 -4.449056 	 -1.901700 
9.854999 	 -0.769423 	 0.569241 	 0.247602 	 -4.051494 	 -4.513245 	 -1.929610 
10.840499 	 -0.780362 	 0.557055 	 0.242392 	 -3.966612 	 -4.576042 	 -1.956925 
11.825999 	 -0.791072 	 0.544699 	 0.237108 	 -3.880613 	 -4.637432 	 -1.983637 
12.811500 	 -0.801549 	 0.532178 	 0.231752 	 -3.793525 	 -4.697398 	 -2.009740 
13.797000 	 -0.811792 	 0.519495 	 0.226326 	 -3.705377 	 -4.755922 	 -2.035227 
14.782500 	 -0.821796 	 0.506654 	 0.220831 	 -3.616198 	 -4.812991 	 -2.060090 
15.768001 	 -0.831560 	 0.493659 	 0.215269 	 -3.526018 	 -4.868589 	 -2.084322 
16.753500 	 -0.841080 	 0.480514 	 0.209641 	 -3.434867 	 -4.922701 	 -2.107919 
17.739000 	 -0.850354 	 0.467223 	 0.203950 	 -3.342775 	 -4.975314 	 -2.130873 
18.724501 	 -0.859380 	 0.453790 	 0.198196 	 -3.249771 	 -5.026414 	 -2.153179 
19.710001 	 -0.868154 	 0.440218 	 0.192383 	 -3.155888 	 -5.075989 	 -2.174831 
20.695501 	 -0.876675 	 0.426513 	 0.186511 	 -3.061155 	 -5.124026 	 -2.195824 
21.681002 	 -0.884940 	 0.412678 	 0.180582 	 -2.965603 	 -5.170513 	 -2.216153 
22.666504 	 -0.892947 	 0.398718 	 0.174598 	 -2.869264 	 -5.215439 	 -2.235812 
23.652004 	 -0.900694 	 0.384636 	 0.168562 	 -2.772168 	 -5.258794 	 -2.254797 
24.637505 	 -0.908179 	 0.370437 	 0.162474 	 -2.674349 	 -5.300567 	 -2.273103 
25.623005 	 -0.915400 	 0.356126 	 0.156336 	 -2.575837 	 -5.340749 	 -2.290727 
26.608505 	 -0.922355 	 0.341706 	 0.150151 	 -2.476663 	 -5.379331 	 -2.307665 
27.594006 	 -0.929042 	 0.327182 	 0.143921 	 -2.376861 	 -5.416305 	 -2.323912 
28.579506 	 -0.935459 	 0.312558 	 0.137646 	 -2.276462 	 -5.451663 	 -2.339465 
29.565006 	 -0.941606 	 0.297838 	 0.131330 	 -2.175498 	 -5.485397 	 -2.354321 
30.550507 	 -0.947480 	 0.283028 	 0.124973 	 -2.074002 	 -5.517501 	 -2.368477 
31.536007 	 -0.953079 	 0.268130 	 0.118578 	 -1.972007 	 -5.547969 	 -2.381930 
32.521507 	 -0.958404 	 0.253151 	 0.112147 	 -1.869543 	 -5.576795 	 -2.394678 
33.507008 	 -0.963452 	 0.238093 	 0.105681 	 -1.766645 	 -5.603974 	 -2.406719 
34.492508 	 -0.968221 	 0.222963 	 0.099183 	 -1.663344 	 -5.629503 	 -2.418050 
35.478008 	 -0.972713 	 0.207763 	 0.092654 	 -1.559673 	 -5.653376 	 -2.428670 
36.463509 	 -0.976924 	 0.192499 	 0.086097 	 -1.455665 	 -5.675591 	 -2.438577 
37.449009 	 -0.980854 	 0.177175 	 0.079513 	 -1.351353 	 -5.696146 	 -2.447770 
38.434509 	 -0.984503 	 0.161795 	 0.072904 	 -1.246768 	 -5.715037 	 -2.456248 
39.420010 	 -0.987869 	 0.146365 	 0.066272 	 -1.141944 	 -5.732264 	 -2.464011 
40.405510 	 -0.990952 	 0.130888 	 0.059619 	 -1.036913 	 -5.747826 	 -2.471057 
41.391010 	 -0.993752 	 0.115368 	 0.052947 	 -0.931707 	 -5.761722 	 -2.477386 
42.376511 	 -0.996267 	 0.099812 	 0.046258 	 -0.826359 	 -5.773952 	 -2.482999 
43.362011 	 -0.998499 	 0.084222 	 0.039554 	 -0.720901 	 -5.784517 	 -2.487896 
44.347511 	 -1.000445 	 0.068604 	 0.032837 	 -0.615366 	 -5.793419 	 -2.492076 
45.333012 	 -1.002106 	 0.052962 	 0.026108 	 -0.509785 	 -5.800659 	 -2.495542 
46.318512 	 -1.003483 	 0.037300 	 0.019370 	 -0.404191 	 -5.806240 	 -2.498293 
47.304012 	 -1.004574 	 0.021623 	 0.012625 	 -0.298615 	 -5.810164 	 -2.500331 
48.289513 	 -1.005380 	 0.005936 	 0.005874 	 -0.193090 	 -5.812435 	 -2.501657 
49.275013 	 -1.005902 	 -0.009758 	 -0.000880 	 -0.087646 	 -5.813058 	 -2.502273 
50.260513 	 -1.006138 	 -0.025453 	 -0.007637 	 0.017684 	 -5.812036 	 -2.502181 
51.246014 	 -1.006091 	 -0.041146 	 -0.014392 	 0.122870 	 -5.809375 	 -2.501383 
52.231514 	 -1.005759 	 -0.056831 	 -0.021146 	 0.227879 	 -5.805081 	 -2.499880 
53.217014 	 -1.005144 	 -0.072505 	 -0.027896 	 0.332682 	 -5.799159 	 -2.497677 
54.202515 	 -1.004245 	 -0.088163 	 -0.034640 	 0.437248 	 -5.791616 	 -2.494775 
55.188015 	 -1.003065 	 -0.103800 	 -0.041375 	 0.541546 	 -5.782460 	 -2.491177 
56.173515 	 -1.001603 	 -0.119413 	 -0.048102 	 0.645546 	 -5.771697 	 -2.486887 
57.159016 	 -0.999860 	 -0.134996 	 -0.054816 	 0.749218 	 -5.759337 	 -2.481909 
58.144516 	 -0.997837 	 -0.150546 	 -0.061517 	 0.852532 	 -5.745389 	 -2.476245 
59.130016 	 -0.995535 	 -0.166059 	 -0.068203 	 0.955458 	 -5.729860 	 -2.469899 
60.115517 	 -0.992955 	 -0.181529 	 -0.074872 	 1.057968 	 -5.712761 	 -2.462876 
61.101017 	 -0.990099 	 -0.196954 	 -0.081522 	 1.160033 	 -5.694101 	 -2.455180 
62.086517 	 -0.986967 	 -0.212328 	 -0.088151 	 1.261623 	 -5.673893 	 -2.446816 
63.072018 	 -0.983560 	 -0.227648 	 -0.094757 	 1.362712 	 -5.652145 	 -2.437787 
64.057518 	 -0.979881 	 -0.242908 	 -0.101339 	 1.463269 	 -5.628871 	 -2.428099 
65.043022 	 -0.975930 	 -0.258106 	 -0.107895 	 1.563268 	 -5.604082 	 -2.417757 
66.028519 	 -0.971709 	 -0.273237 	 -0.114423 	 1.662682 	 -5.577790 	 -2.406766 
67.014023 	 -0.967220 	 -0.288297 	 -0.120921 	 1.761483 	 -5.550008 	 -2.395132 
67.999519 	 -0.962464 	 -0.303282 	 -0.127388 	 1.859644 	 -5.520749 	 -2.382860 
68.985023 	 -0.957443 	 -0.318188 	 -0.133822 	 1.957140 	 -5.490027 	 -2.369956 
69.970520 	 -0.952159 	 -0.333011 	 -0.140221 	 2.053944 	 -5.457856 	 -2.356426 
70.956024 	 -0.946613 	 -0.347748 	 -0.146583 	 2.150031 	 -5.424250 	 -2.342275 
71.941521 	 -0.940808 	 -0.362393 	 -0.152907 	 2.245375 	 -5.389224 	 -2.327511 
72.927025 	 -0.934745 	 -0.376944 	 -0.159191 	 2.339952 	 -5.352794 	 -2.312140 
73.912521 	 -0.928428 	 -0.391397 	 -0.165434 	 2.433736 	 -5.314975 	 -2.296168 
74.898026 	 -0.921857 	 -0.405747 	 -0.171634 	 2.526705 	 -5.275782 	 -2.279602 
75.883522 	 -0.915034 	 -0.419992 	 -0.177789 	 2.618834 	 -5.235232 	 -2.262449 
76.869026 	 -0.907964 	 -0.434127 	 -0.183897 	 2.710099 	 -5.193342 	 -2.244717 
77.854523 	 -0.900646 	 -0.448149 	 -0.189958 	 2.800479 	 -5.150129 	 -2.226411 
78.840027 	 -0.893085 	 -0.462054 	 -0.195969 	 2.889951 	 -5.105609 	 -2.207540 
79.825523 	 -0.885282 	 -0.475839 	 -0.201930 	 2.978492 	 -5.059801 	 -2.188112 
80.811028 	 -0.877240 	 -0.489501 	 -0.207838 	 3.066081 	 -5.012721 	 -2.168133 
81.796524 	 -0.868962 	 -0.503035 	 -0.213692 	 3.152697 	 -4.964390 	 -2.147612 
82.782028 	 -0.860450 	 -0.516439 	 -0.219490 	 3.238320 	 -4.914823 	 -2.126556 
83.767525 	 -0.851706 	 -0.529709 	 -0.225232 	 3.322928 	 -4.864042 	 -2.104973 
84.753029 	 -0.842734 	 -0.542842 	 -0.230915 	 3.406502 	 -4.812064 	 -2.082872 
85.738525 	 -0.833537 	 -0.555834 	 -0.236539 	 3.489023 	 -4.758908 	 -2.060261 
86.724030 	 -0.824116 	 -0.568683 	 -0.242102 	 3.570472 	 -4.704595 	 -2.037148 
87.709526 	 -0.814476 	 -0.581386 	 -0.247602 	 3.650830 	 -4.649144 	 -2.013541 
88.695030 	 -0.804619 	 -0.593939 	 -0.253039 	 3.730079 	 -4.592574 	 -1.989449 
89.680527 	 -0.794548 	 -0.606339 	 -0.258410 	 3.808202 	 -4.534907 	 -1.964880 
90.666031 	 -0.784265 	 -0.618583 	 -0.263715 	 3.885182 	 -4.476162 	 -1.939844 
91.651520 	 -0.773775 	 -0.630668 	 -0.268953 	 3.961002 	 -4.416360 	 -1.914349 
92.637024 	 -0.763081 	 -0.642593 	 -0.274122 	 4.035645 	 -4.355522 	 -1.888404 
93.622520 	 -0.752184 	 -0.654353 	 -0.279220 	 4.109097 	 -4.293668 	 -1.862018 
94.608025 	 -0.741090 	 -0.665945 	 -0.284248 	 4.181341 	 -4.230820 	 -1.835200 
95.593521 	 -0.729800 	 -0.677369 	 -0.289203 	 4.252364 	 -4.166998 	 -1.807959 
96.579025 	 -0.718319 	 -0.688620 	 -0.294084 	 4.322150 	 -4.102226 	 -1.780305 
97.564522 	 -0.706649 	 -0.699696 	 -0.298891 	 4.390687 	 -4.036523 	 -1.752245 
98.550026 	 -0.694794 	 -0.710594 	 -0.303622 	 4.457960 	 -3.969912 	 -1.723791 
99.535522 	 -0.682758 	 -0.721313 	 -0.308277 	 4.523957 	 -3.902414 	 -1.694950 
100.521027 	 -0.670543 	 -0.731849 	 -0.312853 	 4.588666 	 -3.834051 	 -1.665733 
101.506523 	 -0.658154 	 -0.742201 	 -0.317350 	 4.652074 	 -3.764846 	 -1.636149 
102.492027 	 -0.645593 	 -0.752366 	 -0.321768 	 4.714170 	 -3.694820 	 -1.606208 
103.477524 	 -0.632865 	 -0.762342 	 -0.326105 	 4.774943 	 -3.623996 	 -1.575918 
104.463028 	 -0.619972 	 -0.772127 	 -0.330360 	 4.834383 	 -3.552395 	 -1.545290 
105.448524 	 -0.606920 	 -0.781719 	 -0.334532 	 4.892479 	 -3.480041 	 -1.514332 
106.434029 	 -0.593710 	 -0.791115 	 -0.338621 	 4.949222 	 -3.406955 	 -1.483056 
107.419525 	 -0.580347 	 -0.800314 	 -0.342625 	 5.004603 	 -3.333161 	 -1.451470 
108.405029 	 -0.566835 	 -0.809313 	 -0.346544 	 5.058612 	 -3.258680 	 -1.419583 
109.390533 	 -0.553176 	 -0.818112 	 -0.350377 	 5.111243 	 -3.183535 	 -1.387407 
110.376030 	 -0.539376 	 -0.826707 	 -0.354123 	 5.162487 	 -3.107749 	 -1.354949 
111.361534 	 -0.525437 	 -0.835098 	 -0.357781 	 5.212337 	 -3.031344 	 -1.322221 
112.347031 	 -0.511364 	 -0.843283 	 -0.361351 	 5.260785 	 -2.954342 	 -1.289231 
113.332535 	 -0.497160 	 -0.851259 	 -0.364832 	 5.307826 	 -2.876768 	 -1.255990 
114.318031 	 -0.482829 	 -0.859027 	 -0.368223 	 5.353454 	 -2.798642 	 -1.222507 
115.303535 	 -0.468374 	 -0.866583 	 -0.371524 	 5.397663 	 -2.719987 	 -1.188791 
116.289032 	 -0.453801 	 -0.873927 	 -0.374734 	 5.440448 	 -2.640827 	 -1.154854 
117.274536 	 -0.439111 	 -0.881057 	 -0.377852 	 5.481804 	 -2.561183 	 -1.120703 
118.260033 	 -0.424311 	 -0.887972 	 -0.380878 	 5.521728 	 -2.481078 	 -1.086349 
119.245537 	 -0.409402 	 -0.894671 	 -0.383811 	 5.560215 	 -2.400535 	 -1.051801 
120.231033 	 -0.394389 	 -0.901153 	 -0.386651 	 5.597262 	 -2.319575 	 -1.017070 
121.216537 	 -0.379277 	 -0.907416 	 -0.389397 	 5.632866 	 -2.238222 	 -0.982164 
122.202034 	 -0.364068 	 -0.913459 	 -0.392049 	 5.667025 	 -2.156497 	 -0.947094 
123.187538 	 -0.348767 	 -0.919281 	 -0.394606 	 5.699737 	 -2.074423 	 -0.911868 
124.173035 	 -0.333378 	 -0.924882 	 -0.397068 	 5.730999 	 -1.992021 	 -0.876497 
125.158539 	 -0.317904 	 -0.930261 	 -0.399434 	 5.760811 	 -1.909315 	 -0.840990 
126.144035 	 -0.302350 	 -0.935416 	 -0.401705 	 5.789172 	 -1.826325 	 -0.805356 
127.129539 	 -0.286719 	 -0.940347 	 -0.403880 	 5.816081 	 -1.743073 	 -0.769604 
128.115036 	 -0.271016 	 -0.945053 	 -0.405957 	 5.841538 	 -1.659583 	 -0.733745 
129.100540 	 -0.255244 	 -0.949534 	 -0.407939 	 5.865543 	 -1.575874 	 -0.697787 
130.086044 	 -0.239407 	 -0.953789 	 -0.409823 	 5.888098 	 -1.491969 	 -0.661740 
131.071533 	 -0.223509 	 -0.957817 	 -0.411609 	 5.909202 	 -1.407888 	 -0.625612 
132.057037 	 -0.207554 	 -0.961619 	 -0.413298 	 5.928858 	 -1.323655 	 -0.589414 
133.042542 	 -0.191546 	 -0.965192 	 -0.414890 	 5.947068 	 -1.239288 	 -0.553154 
134.028046 	 -0.175489 	 -0.968539 	 -0.416383 	 5.963833 	 -1.154811 	 -0.516841 
135.013535 	 -0.159386 	 -0.971657 	 -0.417779 	 5.979155 	 -1.070242 	 -0.480484 
135.999039 	 -0.143243 	 -0.974546 	 -0.419076 	 5.993039 	 -0.985604 	 -0.444093 
136.984543 	 -0.127062 	 -0.977207 	 -0.420275 	 6.005487 	 -0.900917 	 -0.407675 
137.970047 	 -0.110847 	 -0.979640 	 -0.421376 	 6.016502 	 -0.816202 	 -0.371241 
138.955536 	 -0.094602 	 -0.981844 	 -0.422378 	 6.026089 	 -0.731478 	 -0.334798 
139.941040 	 -0.078332 	 -0.983819 	 -0.423282 	 6.034251 	 -0.646765 	 -0.298356 
140.926544 	 -0.062039 	 -0.985565 	 -0.424088 	 6.040993 	 -0.562085 	 -0.261923 
141.912048 	 -0.045729 	 -0.987082 	 -0.424795 	 6.046320 	 -0.477457 	 -0.225507 
142.897537 	 -0.029404 	 -0.988372 	 -0.425404 	 6.050237 	 -0.392900 	 -0.189118 
143.883041 	 -0.013068 	 -0.989432 	 -0.425914 	 6.052750 	 -0.308433 	 -0.152763 
144.868546 	 0.003275 	 -0.990265 	 -0.426327 	 6.053864 	 -0.224077 	 -0.116451 
145.854050 	 0.019620 	 -0.990870 	 -0.426641 	 6.053586 	 -0.139851 	 -0.080190 
146.839539 	 0.035965 	 -0.991248 	 -0.426858 	 6.051921 	 -0.055773 	 -0.043988 
147.825043 	 0.052305 	 -0.991398 	 -0.426977 	 6.048877 	 0.028138 	 -0.007854 
148.810547 	 0.068637 	 -0.991322 	 -0.426998 	 6.044459 	 0.111864 	 0.028205 
149.796051 	 0.084957 	 -0.991020 	 -0.426922 	 6.038677 	 0.195385 	 0.064181 
150.781540 	 0.101261 	 -0.990493 	 -0.426748 	 6.031536 	 0.278683 	 0.100065 
151.767044 	 0.117546 	 -0.989740 	 -0.426478 	 6.023044 	 0.361742 	 0.135850 
152.752548 	 0.133809 	 -0.988764 	 -0.426111 	 6.013211 	 0.444542 	 0.171529 
153.738052 	 0.150044 	 -0.987563 	 -0.425648 	 6.002043 	 0.527066 	 0.207093 
154.723541 	 0.166250 	 -0.986140 	 -0.425089 	 5.989549 	 0.609297 	 0.242535 
155.709045 	 0.182422 	 -0.984495 	 -0.424434 	 5.975738 	 0.691218 	 0.277848 
156.694550 	 0.198556 	 -0.982629 	 -0.423684 	 5.960619 	 0.772811 	 0.313024 
157.680054 	 0.214650 	 -0.980542 	 -0.422839 	 5.944202 	 0.854060 	 0.348057 
158.665543 	 0.230699 	 -0.978236 	 -0.421899 	 5.926495 	 0.934947 	 0.382938 
159.651047 	 0.246701 	 -0.975712 	 -0.420865 	 5.907508 	 1.015458 	 0.417661 
160.636551 	 0.262651 	 -0.972970 	 -0.419738 	 5.887251 	 1.095575 	 0.452219 
161.622055 	 0.278546 	 -0.970012 	 -0.418517 	 5.865734 	 1.175283 	 0.486605 
162.607544 	 0.294384 	 -0.966839 	 -0.417203 	 5.842967 	 1.254565 	 0.520812 
163.593048 	 0.310160 	 -0.963452 	 -0.415797 	 5.818962 	 1.333407 	 0.554833 
164.578552 	 0.325871 	 -0.959851 	 -0.414299 	 5.793727 	 1.411793 	 0.588662 
165.564056 	 0.341514 	 -0.956040 	 -0.412709 	 5.767275 	 1.489708 	 0.622292 
166.549545 	 0.357086 	 -0.952017 	 -0.411029 	 5.739616 	 1.567136 	 0.655717 
167.535049 	 0.372583 	 -0.947786 	 -0.409259 	 5.710762 	 1.644064 	 0.688930 
168.520554 	 0.388002 	 -0.943347 	 -0.407398 	 5.680723 	 1.720477 	 0.721925 
169.506058 	 0.403340 	 -0.938702 	 -0.405449 	 5.649512 	 1.796361 	 0.754697 
170.491547 	 0.418594 	 -0.933852 	 -0.403412 	 5.617140 	 1.871701 	 0.787238 
171.477051 	 0.433760 	 -0.928798 	 -0.401286 	 5.583619 	 1.946484 	 0.819544 
172.462555 	 0.448836 	 -0.923543 	 -0.399073 	 5.548961 	 2.020697 	 0.851607 
173.448059 	 0.463818 	 -0.918087 	 -0.396774 	 5.513178 	 2.094325 	 0.883423 
174.433548 	 0.478703 	 -0.912432 	 -0.394389 	 5.476282 	 2.167356 	 0.914985 
175.419052 	 0.493489 	 -0.906580 	 -0.391918 	 5.438287 	 2.239778 	 0.946288 
176.404556 	 0.508173 	 -0.900533 	 -0.389363 	 5.399204 	 2.311576 	 0.977327 
177.390060 	 0.522751 	 -0.894292 	 -0.386724 	 5.359046 	 2.382740 	 1.008096 
178.375549 	 0.537220 	 -0.887858 	 -0.384003 	 5.317827 	 2.453256 	 1.038590 
179.361053 	 0.551578 	 -0.881234 	 -0.381198 	 5.275558 	 2.523112 	 1.068803 
180.346558 	 0.565822 	 -0.874422 	 -0.378313 	 5.232254 	 2.592298 	 1.098731 
181.332062 	 0.579949 	 -0.867423 	 -0.375346 	 5.187927 	 2.660801 	 1.128368 
182.317551 	 0.593957 	 -0.860239 	 -0.372299 	 5.142591 	 2.728609 	 1.157710 
183.303040 	 0.607842 	 -0.852871 	 -0.369174 	 5.096259 	 2.795713 	 1.186751 
184.288528 	 0.621602 	 -0.845323 	 -0.365969 	 5.048945 	 2.862100 	 1.215488 
185.274033 	 0.635234 	 -0.837595 	 -0.362688 	 5.000662 	 2.927761 	 1.243914 
186.259521 	 0.648735 	 -0.829690 	 -0.359329 	 4.951424 	 2.992684 	 1.272027 
187.245010 	 0.662104 	 -0.821610 	 -0.355895 	 4.901245 	 3.056860 	 1.299821 
188.230499 	 0.675338 	 -0.813356 	 -0.352385 	 4.850138 	 3.120278 	 1.327291 
189.215988 	 0.688433 	 -0.804932 	 -0.348801 	 4.798119 	 3.182929 	 1.354435 
190.201477 	 0.701388 	 -0.796338 	 -0.345144 	 4.745200 	 3.244802 	 1.381246 
191.186966 	 0.714200 	 -0.787577 	 -0.341415 	 4.691396 	 3.305890 	 1.407723 
192.172455 	 0.726867 	 -0.778651 	 -0.337614 	 4.636722 	 3.366182 	 1.433859 
193.157944 	 0.739386 	 -0.769562 	 -0.333743 	 4.581191 	 3.425669 	 1.459652 
194.143433 	 0.751755 	 -0.760313 	 -0.329802 	 4.524817 	 3.484343 	 1.485098 
195.128922 	 0.763972 	 -0.750905 	 -0.325792 	 4.467616 	 3.542196 	 1.510193 
196.114410 	 0.776035 	 -0.741341 	 -0.321714 	 4.409601 	 3.599218 	 1.534933 
197.099899 	 0.787941 	 -0.731623 	 -0.317570 	 4.350788 	 3.655402 	 1.559314 
198.085388 	 0.799688 	 -0.721754 	 -0.313360 	 4.291190 	 3.710740 	 1.583335 
199.070877 	 0.811274 	 -0.711735 	 -0.309085 	 4.230823 	 3.765224 	 1.606990 
200.056366 	 0.822697 	 -0.701569 	 -0.304746 	 4.169700 	 3.818847 	 1.630277 
201.041855 	 0.833955 	 -0.691258 	 -0.300344 	 4.107838 	 3.871602 	 1.653192 
202.027344 	 0.845047 	 -0.680805 	 -0.295881 	 4.045250 	 3.923481 	 1.675733 
203.012833 	 0.855969 	 -0.670211 	 -0.291356 	 3.981951 	 3.974477 	 1.697896 
203.998322 	 0.866720 	 -0.659480 	 -0.286772 	 3.917956 	 4.024584 	 1.719679 
204.983810 	 0.877298 	 -0.648614 	 -0.282129 	 3.853280 	 4.073795 	 1.741078 
205.969299 	 0.887702 	 -0.637614 	 -0.277428 	 3.787938 	 4.122105 	 1.762091 
206.954788 	 0.897930 	 -0.626485 	 -0.272670 	 3.721944 	 4.169506 	 1.782716 
207.940277 	 0.907979 	 -0.615227 	 -0.267857 	 3.655314 	 4.215994 	 1.802949 
208.925766 	 0.917848 	 -0.603844 	 -0.262989 	 3.588063 	 4.261562 	 1.822788 
209.911255 	 0.927536 	 -0.592338 	 -0.258067 	 3.520205 	 4.306205 	 1.842231 
210.896759 	 0.937041 	 -0.580711 	 -0.253093 	 3.451756 	 4.349918 	 1.861276 
211.882248 	 0.946360 	 -0.568966 	 -0.248068 	 3.382730 	 4.392695 	 1.879920 
212.867737 	 0.955494 	 -0.557106 	 -0.242992 	 3.313143 	 4.434532 	 1.898161 
213.853226 	 0.964439 	 -0.545133 	 -0.237867 	 3.243009 	 4.475424 	 1.915996 
214.838715 	 0.973195 	 -0.533049 	 -0.232694 	 3.172343 	 4.515366 	 1.933425 
215.824203 	 0.981761 	 -0.520857 	 -0.227474 	 3.101161 	 4.554355 	 1.950445 
216.809692 	 0.990134 	 -0.508561 	 -0.222207 	 3.029478 	 4.592385 	 1.967054 
217.795181 	 0.998313 	 -0.496161 	 -0.216896 	 2.957308 	 4.629454 	 1.983250 
218.780670 	 1.006298 	 -0.483662 	 -0.211542 	 2.884667 	 4.665556 	 1.999033 
219.766159 	 1.014087 	 -0.471065 	 -0.206144 	 2.811569 	 4.700690 	 2.014399 
220.751648 	 1.021678 	 -0.458373 	 -0.200705 	 2.738030 	 4.734850 	 2.029348 
221.737137 	 1.029071 	 -0.445589 	 -0.195226 	 2.664064 	 4.768035 	 2.043879 
222.722626 	 1.036264 	 -0.432715 	 -0.189708 	 2.589687 	 4.800240 	 2.057989 
223.708115 	 1.043256 	 -0.419754 	 -0.184151 	 2.514913 	 4.831464 	 2.071677 
224.693604 	 1.050046 	 -0.406710 	 -0.178558 	 2.439758 	 4.861702 	 2.084944 
225.679092 	 1.056633 	 -0.393583 	 -0.172928 	 2.364236 	 4.890954 	 2.097786 
226.664581 	 1.063017 	 -0.380377 	 -0.167264 	 2.288362 	 4.919216 	 2.110203 
227.650070 	 1.069195 	 -0.367095 	 -0.161567 	 2.212152 	 4.946486 	 2.122195 
228.635559 	 1.075168 	 -0.353740 	 -0.155837 	 2.135619 	 4.972763 	 2.133760 
229.621048 	 1.080934 	 -0.340313 	 -0.150076 	 2.058780 	 4.998044 	 2.144897 
230.606537 	 1.086493 	 -0.326819 	 -0.144284 	 1.981648 	 5.022327 	 2.155606 
231.592026 	 1.091844 	 -0.313258 	 -0.138464 	 1.904239 	 5.045612 	 2.165886 
232.577515 	 1.096985 	 -0.299635 	 -0.132616 	 1.826567 	 5.067897 	 2.175736 
233.563004 	 1.101917 	 -0.285952 	 -0.126742 	 1.748647 	 5.089180 	 2.185156 
234.548492 	 1.106638 	 -0.272211 	 -0.120842 	 1.670493 	 5.109461 	 2.194145 
235.533997 	 1.111148 	 -0.258416 	 -0.114918 	 1.592121 	 5.128739 	 2.202703 
236.519485 	 1.115447 	 -0.244568 	 -0.108970 	 1.513546 	 5.147013 	 2.210829 
237.504974 	 1.119534 	 -0.230671 	 -0.103001 	 1.434780 	 5.164283 	 2.218524 
238.490463 	 1.123408 	 -0.216728 	 -0.097011 	 1.355840 	 5.180548 	 2.225787 
239.475952 	 1.127068 	 -0.202740 	 -0.091002 	 1.276740 	 5.195808 	 2.232618 
240.461441 	 1.130516 	 -0.188711 	 -0.084973 	 1.197493 	 5.210063 	 2.239016 
241.446930 	 1.133749 	 -0.174644 	 -0.078928 	 1.118116 	 5.223313 	 2.244982 
242.432419 	 1.136768 	 -0.160541 	 -0.072867 	 1.038621 	 5.235559 	 2.250516 
243.417908 	 1.139572 	 -0.146405 	 -0.066790 	 0.959024 	 5.246800 	 2.255619 
244.403397 	 1.142161 	 -0.132239 	 -0.060700 	 0.879338 	 5.257037 	 2.260289 
245.388885 	 1.144536 	 -0.118045 	 -0.054597 	 0.799579 	 5.266272 	 2.264528 
246.374374 	 1.146694 	 -0.103826 	 -0.048483 	 0.719759 	 5.274504 	 2.268335 
247.359863 	 1.148638 	 -0.089585 	 -0.042359 	 0.639894 	 5.281736 	 2.271712 
248.345352 	 1.150366 	 -0.075324 	 -0.036225 	 0.559997 	 5.287967 	 2.274659 
249.330841 	 1.151878 	 -0.061047 	 -0.030083 	 0.480083 	 5.293200 	 2.277175 
250.316330 	 1.153174 	 -0.046755 	 -0.023935 	 0.400166 	 5.297435 	 2.279262 
251.301819 	 1.154254 	 -0.032452 	 -0.017781 	 0.320258 	 5.300675 	 2.280921 
252.287308 	 1.155119 	 -0.018140 	 -0.011623 	 0.240375 	 5.302921 	 2.282151 
253.272797 	 1.155768 	 -0.003822 	 -0.005461 	 0.160531 	 5.304175 	 2.282955 
254.258286 	 1.156201 	 0.010499 	 0.000703 	 0.080738 	 5.304439 	 2.283332 
255.243774 	 1.156419 	 0.024821 	 0.006868 	 0.001011 	 5.303715 	 2.283283 
256.229279 	 1.156422 	 0.039141 	 0.013033 	 -0.078636 	 5.302005 	 2.282810 
257.214752 	 1.156210 	 0.053456 	 0.019197 	 -0.158190 	 5.299312 	 2.281914 
258.200256 	 1.155783 	 0.067765 	 0.025358 	 -0.237638 	 5.295639 	 2.280594 
259.185730 	 1.155141 	 0.082063 	 0.031516 	 -0.316966 	 5.290988 	 2.278854 
260.171234 	 1.154285 	 0.096349 	 0.037668 	 -0.396160 	 5.285362 	 2.276693 
261.156708 	 1.153216 	 0.110619 	 0.043815 	 -0.475208 	 5.278764 	 2.274114 
262.142212 	 1.151932 	 0.124872 	 0.049956 	 -0.554095 	 5.271197 	 2.271117 
263.127686 	 1.150436 	 0.139104 	 0.056088 	 -0.632809 	 5.262664 	 2.267703 
264.113190 	 1.148728 	 0.153313 	 0.062210 	 -0.711336 	 5.253169 	 2.263875 
265.098663 	 1.146807 	 0.167497 	 0.068323 	 -0.789664 	 5.242715 	 2.259633 
266.084167 	 1.144675 	 0.181652 	 0.074424 	 -0.867779 	 5.231306 	 2.254979 
267.069641 	 1.142332 	 0.195777 	 0.080512 	 -0.945668 	 5.218946 	 2.249915 
268.055145 	 1.139779 	 0.209868 	 0.086587 	 -1.023319 	 5.205638 	 2.244442 
269.040619 	 1.137016 	 0.223923 	 0.092647 	 -1.100718 	 5.191386 	 2.238562 
270.026123 	 1.134044 	 0.237940 	 0.098691 	 -1.177854 	 5.176195 	 2.232277 
271.011597 	 1.130864 	 0.251915 	 0.104718 	 -1.254712 	 5.160069 	 2.225588 
271.997101 	 1.127476 	 0.265848 	 0.110727 	 -1.331282 	 5.143012 	 2.218498 
272.982574 	 1.123882 	 0.279734 	 0.116717 	 -1.407549 	 5.125029 	 2.211008 
273.968079 	 1.120081 	 0.293571 	 0.122687 	 -1.483502 	 5.106124 	 2.203120 
274.953583 	 1.116076 	 0.307358 	 0.128636 	 -1.559128 	 5.086303 	 2.194836 
275.939056 	 1.111866 	 0.321091 	 0.134562 	 -1.634416 	 5.065569 	 2.186159 
276.924561 	 1.107453 	 0.334768 	 0.140464 	 -1.709352 	 5.043929 	 2.177090 
277.910034 	 1.102838 	 0.348386 	 0.146342 	 -1.783924 	 5.021387 	 2.167631 
278.895538 	 1.098021 	 0.361944 	 0.152195 	 -1.858122 	 4.997948 	 2.157785 
279.881012 	 1.093004 	 0.375439 	 0.158021 	 -1.931932 	 4.973617 	 2.147555 
280.866516 	 1.087788 	 0.388867 	 0.163819 	 -2.005343 	 4.948401 	 2.136941 
281.851990 	 1.082374 	 0.402228 	 0.169589 	 -2.078342 	 4.922305 	 2.125948 
282.837494 	 1.076762 	 0.415518 	 0.175329 	 -2.150919 	 4.895334 	 2.114576 
283.822968 	 1.070955 	 0.428736 	 0.181039 	 -2.223062 	 4.867495 	 2.102829 
284.808472 	 1.064952 	 0.441878 	 0.186716 	 -2.294758 	 4.838793 	 2.090709 
285.793945 	 1.058757 	 0.454943 	 0.192361 	 -2.365997 	 4.809234 	 2.078219 
286.779449 	 1.052368 	 0.467928 	 0.197972 	 -2.436768 	 4.778824 	 2.065361 
287.764923 	 1.045789 	 0.480830 	 0.203549 	 -2.507058 	 4.747570 	 2.052138 
288.750427 	 1.039020 	 0.493649 	 0.209090 	 -2.576857 	 4.715478 	 2.038553 
289.735901 	 1.032063 	 0.506381 	 0.214594 	 -2.646153 	 4.682555 	 2.024608 
290.721405 	 1.024918 	 0.519024 	 0.220060 	 -2.714936 	 4.648806 	 2.010306 
291.706879 	 1.017588 	 0.531575 	 0.225488 	 -2.783195 	 4.614240 	 1.995650 
292.692383 	 1.010073 	 0.544034 	 0.230876 	 -2.850918 	 4.578862 	 1.980643 
293.677856 	 1.002376 	 0.556397 	 0.236224 	 -2.918096 	 4.542679 	 1.965288 
294.663361 	 0.994497 	 0.568662 	 0.241530 	 -2.984716 	 4.505700 	 1.949588 
295.648834 	 0.986438 	 0.580827 	 0.246794 	 -3.050770 	 4.467929 	 1.933546 
296.634338 	 0.978201 	 0.592891 	 0.252015 	 -3.116246 	 4.429376 	 1.917165 
297.619812 	 0.969787 	 0.604850 	 0.257191 	 -3.181135 	 4.390047 	 1.900447 
298.605316 	 0.961198 	 0.616703 	 0.262322 	 -3.245425 	 4.349950 	 1.883397 
299.590820 	 0.952435 	 0.628448 	 0.267407 	 -3.309107 	 4.309092 	 1.866018 
300.576294 	 0.943501 	 0.640083 	 0.272446 	 -3.372170 	 4.267481 	 1.848312 
301.561798 	 0.934396 	 0.651605 	 0.277436 	 -3.434605 	 4.225124 	 1.830283 
302.547272 	 0.925122 	 0.663013 	 0.282378 	 -3.496402 	 4.182030 	 1.811935 
303.532776 	 0.915682 	 0.674304 	 0.287270 	 -3.557550 	 4.138206 	 1.793270 
304.518250 	 0.906077 	 0.685477 	 0.292112 	 -3.618042 	 4.093660 	 1.774293 
305.503754 	 0.896308 	 0.696530 	 0.296902 	 -3.677866 	 4.048401 	 1.755006 
306.489227 	 0.886378 	 0.707461 	 0.301641 	 -3.737013 	 4.002437 	 1.735413 
307.474731 	 0.876288 	 0.718267 	 0.306327 	 -3.795475 	 3.955776 	 1.715519 
308.460205 	 0.866040 	 0.728948 	 0.310958 	 -3.853241 	 3.908427 	 1.695325 
309.445709 	 0.855636 	 0.739501 	 0.315536 	 -3.910304 	 3.860397 	 1.674836 
310.431183 	 0.845079 	 0.749924 	 0.320058 	 -3.966653 	 3.811696 	 1.654056 
311.416687 	 0.834369 	 0.760215 	 0.324524 	 -4.022280 	 3.762333 	 1.632989 
312.402161 	 0.823508 	 0.770374 	 0.328933 	 -4.077176 	 3.712316 	 1.611637 
313.387665 	 0.812500 	 0.780397 	 0.333284 	 -4.131332 	 3.661653 	 1.590005 
314.373138 	 0.801345 	 0.790283 	 0.337577 	 -4.184741 	 3.610355 	 1.568097 
315.358643 	 0.790047 	 0.800031 	 0.341811 	 -4.237393 	 3.558430 	 1.545917 
316.344116 	 0.778606 	 0.809639 	 0.345985 	 -4.289280 	 3.505887 	 1.523468 
317.329620 	 0.767025 	 0.819105 	 0.350099 	 -4.340394 	 3.452736 	 1.500755 
318.315094 	 0.755306 	 0.828427 	 0.354151 	 -4.390727 	 3.398985 	 1.477781 
319.300598 	 0.743451 	 0.837605 	 0.358141 	 -4.440271 	 3.344645 	 1.454550 
320.286072 	 0.731462 	 0.846635 	 0.362068 	 -4.489018 	 3.289724 	 1.431068 
321.271576 	 0.719341 	 0.855518 	 0.365932 	 -4.536961 	 3.234232 	 1.407336 
322.257050 	 0.707092 	 0.864250 	 0.369732 	 -4.584091 	 3.178180 	 1.383361 
323.242554 	 0.694715 	 0.872831 	 0.373467 	 -4.630402 	 3.121576 	 1.359146 
324.228058 	 0.682213 	 0.881259 	 0.377136 	 -4.675886 	 3.064431 	 1.334694 
325.213531 	 0.669588 	 0.889533 	 0.380740 	 -4.720535 	 3.006754 	 1.310011 
326.199036 	 0.656842 	 0.897651 	 0.384277 	 -4.764344 	 2.948556 	 1.285101 
327.184509 	 0.643978 	 0.905613 	 0.387747 	 -4.807304 	 2.889846 	 1.259968 
328.170013 	 0.630999 	 0.913415 	 0.391149 	 -4.849409 	 2.830635 	 1.234616 
329.155487 	 0.617905 	 0.921058 	 0.394482 	 -4.890652 	 2.770932 	 1.209050 
330.140991 	 0.604701 	 0.928539 	 0.397747 	 -4.931026 	 2.710749 	 1.183274 
331.126465 	 0.591387 	 0.935858 	 0.400941 	 -4.970526 	 2.650096 	 1.157293 
332.111969 	 0.577966 	 0.943014 	 0.404066 	 -5.009145 	 2.588982 	 1.131110 
333.097443 	 0.564442 	 0.950004 	 0.407120 	 -5.046877 	 2.527419 	 1.104731 
334.082947 	 0.550815 	 0.956828 	 0.410103 	 -5.083716 	 2.465416 	 1.078161 
335.068420 	 0.537089 	 0.963485 	 0.413014 	 -5.119655 	 2.402986 	 1.051402 
336.053925 	 0.523266 	 0.969973 	 0.415853 	 -5.154689 	 2.340138 	 1.024461 
337.039398 	 0.509348 	 0.976291 	 0.418619 	 -5.188813 	 2.276883 	 0.997342 
338.024902 	 0.495339 	 0.982439 	 0.421312 	 -5.222021 	 2.213232 	 0.970050 
339.010376 	 0.481239 	 0.988414 	 0.423931 	 -5.254307 	 2.149196 	 0.942589 
339.995880 	 0.467053 	 0.994217 	 0.426476 	 -5.285667 	 2.084786 	 0.914963 
340.981354 	 0.452781 	 0.999846 	 0.428946 	 -5.316095 	 2.020013 	 0.887178 
341.966858 	 0.438428 	 1.005300 	 0.431342 	 -5.345587 	 1.954888 	 0.859239 
342.952332 	 0.423995 	 1.010578 	 0.433661 	 -5.374138 	 1.889422 	 0.831150 
343.937836 	 0.409485 	 1.015680 	 0.435906 	 -5.401743 	 1.823627 	 0.802916 
344.923309 	 0.394900 	 1.020604 	 0.438073 	 -5.428397 	 1.757514 	 0.774541 
345.908813 	 0.380243 	 1.025349 	 0.440165 	 -5.454097 	 1.691093 	 0.746032 
346.894287 	 0.365517 	 1.029915 	 0.442179 	 -5.478838 	 1.624377 	 0.717392 
347.879791 	 0.350724 	 1.034301 	 0.444116 	 -5.502617 	 1.557377 	 0.688626 
348.865295 	 0.335867 	 1.038506 	 0.445975 	 -5.525428 	 1.490105 	 0.659740 
349.850769 	 0.320948 	 1.042529 	 0.447757 	 -5.547270 	 1.422571 	 0.630738 
350.836273 	 0.305971 	 1.046370 	 0.449460 	 -5.568137 	 1.354788 	 0.601626 
351.821747 	 0.290937 	 1.050028 	 0.451084 	 -5.588027 	 1.286766 	 0.572408 
352.807251 	 0.275849 	 1.053502 	 0.452629 	 -5.606937 	 1.218519 	 0.543090 
353.792725 	 0.260710 	 1.056792 	 0.454096 	 -5.624863 	 1.150057 	 0.513676 
354.778229 	 0.245523 	 1.059897 	 0.455483 	 -5.641803 	 1.081393 	 0.484171 
355.763702 	 0.230290 	 1.062817 	 0.456790 	 -5.657753 	 1.012537 	 0.454581 
356.749207 	 0.215015 	 1.065551 	 0.458017 	 -5.672711 	 0.943503 	 0.424910 
357.734680 	 0.199698 	 1.068098 	 0.459165 	 -5.686675 	 0.874301 	 0.395164 
358.720184 	 0.184344 	 1.070459 	 0.460232 	 -5.699643 	 0.804944 	 0.365349 
359.705658 	 0.168955 	 1.072632 	 0.461218 	 -5.711611 	 0.735443 	 0.335468 
360.691162 	 0.153534 	 1.074618 	 0.462124 	 -5.722579 	 0.665812 	 0.305527 
361.676636 	 0.138083 	 1.076416 	 0.462949 	 -5.732545 	 0.596060 	 0.275531 
362.662140 	 0.122605 	 1.078025 	 0.463693 	 -5.741506 	 0.526202 	 0.245486 
363.647614 	 0.107103 	 1.079446 	 0.464355 	 -5.749462 	 0.456248 	 0.215397 
364.633118 	 0.091579 	 1.080677 	 0.464937 	 -5.756411 	 0.386211 	 0.185269 
