
 0.000000 	 -0.648331 	 0.680829 	 0.295242 	 -4.830328 	 -3.811674 	 -1.625008 

 0.999918 	 -0.661557 	 0.670393 	 0.290793 	 -4.755666 	 -3.887333 	 -1.657826 

 1.999835 	 -0.674578 	 0.659749 	 0.286253 	 -4.679608 	 -3.961720 	 -1.690101 

 2.999753 	 -0.687390 	 0.648902 	 0.281626 	 -4.602179 	 -4.034813 	 -1.721823 

 3.999670 	 -0.699991 	 0.637855 	 0.276912 	 -4.523409 	 -4.106591 	 -1.752985 

 4.999588 	 -0.712376 	 0.626611 	 0.272112 	 -4.443323 	 -4.177035 	 -1.783575 

 5.999505 	 -0.724542 	 0.615174 	 0.267229 	 -4.361951 	 -4.246124 	 -1.813587 

 6.999423 	 -0.736485 	 0.603548 	 0.262263 	 -4.279320 	 -4.313840 	 -1.843012 

 7.999340 	 -0.748202 	 0.591737 	 0.257217 	 -4.195460 	 -4.380163 	 -1.871842 

 8.999258 	 -0.759689 	 0.579744 	 0.252092 	 -4.110398 	 -4.445076 	 -1.900068 

 9.999175 	 -0.770943 	 0.567573 	 0.246889 	 -4.024165 	 -4.508562 	 -1.927684 

 10.999092 	 -0.781961 	 0.555229 	 0.241611 	 -3.936789 	 -4.570603 	 -1.954681 

 11.999009 	 -0.792740 	 0.542715 	 0.236259 	 -3.848301 	 -4.631182 	 -1.981053 

 12.998927 	 -0.803277 	 0.530034 	 0.230835 	 -3.758730 	 -4.690285 	 -2.006793 

 13.998844 	 -0.813568 	 0.517192 	 0.225341 	 -3.668106 	 -4.747895 	 -2.031894 

 14.998761 	 -0.823612 	 0.504193 	 0.219777 	 -3.576460 	 -4.803998 	 -2.056349 

 15.998678 	 -0.833404 	 0.491039 	 0.214147 	 -3.483823 	 -4.858580 	 -2.080153 

 16.998595 	 -0.842943 	 0.477737 	 0.208452 	 -3.390225 	 -4.911627 	 -2.103299 

 17.998513 	 -0.852225 	 0.464289 	 0.202693 	 -3.295697 	 -4.963125 	 -2.125781 

 18.998430 	 -0.861249 	 0.450700 	 0.196872 	 -3.200270 	 -5.013063 	 -2.147595 

 19.998347 	 -0.870011 	 0.436974 	 0.190992 	 -3.103977 	 -5.061427 	 -2.168734 

 20.998264 	 -0.878510 	 0.423116 	 0.185054 	 -3.006847 	 -5.108208 	 -2.189194 

 21.998182 	 -0.886743 	 0.409129 	 0.179060 	 -2.908913 	 -5.153393 	 -2.208970 

 22.998099 	 -0.894707 	 0.395019 	 0.173012 	 -2.810207 	 -5.196972 	 -2.228057 

 23.998016 	 -0.902402 	 0.380790 	 0.166912 	 -2.710760 	 -5.238937 	 -2.246451 

 24.997933 	 -0.909824 	 0.366446 	 0.160761 	 -2.610604 	 -5.279276 	 -2.264148 

 25.997850 	 -0.916971 	 0.351991 	 0.154562 	 -2.509771 	 -5.317982 	 -2.281144 

 26.997768 	 -0.923843 	 0.337430 	 0.148316 	 -2.408293 	 -5.355046 	 -2.297435 

 27.997685 	 -0.930437 	 0.322768 	 0.142025 	 -2.306202 	 -5.390462 	 -2.313019 

 28.997602 	 -0.936751 	 0.308009 	 0.135692 	 -2.203531 	 -5.424220 	 -2.327891 

 29.997519 	 -0.942785 	 0.293158 	 0.129319 	 -2.100312 	 -5.456316 	 -2.342050 

 30.997437 	 -0.948535 	 0.278218 	 0.122906 	 -1.996576 	 -5.486743 	 -2.355491 

 31.997354 	 -0.954002 	 0.263196 	 0.116457 	 -1.892357 	 -5.515496 	 -2.368213 

 32.997271 	 -0.959183 	 0.248094 	 0.109973 	 -1.787686 	 -5.542569 	 -2.380214 

 33.997188 	 -0.964078 	 0.232919 	 0.103456 	 -1.682595 	 -5.567959 	 -2.391491 

 34.997105 	 -0.968685 	 0.217674 	 0.096908 	 -1.577118 	 -5.591661 	 -2.402043 

 35.997023 	 -0.973003 	 0.202364 	 0.090331 	 -1.471285 	 -5.613672 	 -2.411869 

 36.996940 	 -0.977031 	 0.186993 	 0.083727 	 -1.365130 	 -5.633989 	 -2.420966 

 37.996857 	 -0.980769 	 0.171568 	 0.077099 	 -1.258684 	 -5.652610 	 -2.429333 

 38.996774 	 -0.984215 	 0.156091 	 0.070447 	 -1.151979 	 -5.669532 	 -2.436971 

 39.996692 	 -0.987370 	 0.140568 	 0.063775 	 -1.045048 	 -5.684756 	 -2.443878 

 40.996609 	 -0.990231 	 0.125003 	 0.057083 	 -0.937923 	 -5.698279 	 -2.450053 

 41.996526 	 -0.992799 	 0.109401 	 0.050375 	 -0.830634 	 -5.710101 	 -2.455497 

 42.996443 	 -0.995073 	 0.093767 	 0.043652 	 -0.723215 	 -5.720223 	 -2.460209 

 43.996360 	 -0.997053 	 0.078105 	 0.036916 	 -0.615696 	 -5.728646 	 -2.464190 

 44.996278 	 -0.998739 	 0.062420 	 0.030169 	 -0.508110 	 -5.735370 	 -2.467440 

 45.996198 	 -1.000130 	 0.046716 	 0.023413 	 -0.400487 	 -5.740397 	 -2.469959 

 46.996115 	 -1.001227 	 0.030999 	 0.016650 	 -0.292859 	 -5.743729 	 -2.471749 

 47.996032 	 -1.002029 	 0.015273 	 0.009883 	 -0.185258 	 -5.745369 	 -2.472810 

 48.995949 	 -1.002536 	 -0.000458 	 0.003112 	 -0.077714 	 -5.745320 	 -2.473144 

 49.995866 	 -1.002749 	 -0.016189 	 -0.003659 	 0.029742 	 -5.743585 	 -2.472752 

 50.995784 	 -1.002667 	 -0.031915 	 -0.010430 	 0.137079 	 -5.740169 	 -2.471636 

 51.995701 	 -1.002292 	 -0.047631 	 -0.017197 	 0.244267 	 -5.735075 	 -2.469797 

 52.995618 	 -1.001623 	 -0.063334 	 -0.023959 	 0.351274 	 -5.728309 	 -2.467237 

 53.995535 	 -1.000661 	 -0.079018 	 -0.030715 	 0.458071 	 -5.719875 	 -2.463959 

 54.995453 	 -0.999407 	 -0.094679 	 -0.037461 	 0.564628 	 -5.709781 	 -2.459965 

 55.995370 	 -0.997861 	 -0.110313 	 -0.044196 	 0.670915 	 -5.698031 	 -2.455257 

 56.995287 	 -0.996024 	 -0.125914 	 -0.050919 	 0.776901 	 -5.684632 	 -2.449839 

 57.995204 	 -0.993897 	 -0.141478 	 -0.057627 	 0.882559 	 -5.669592 	 -2.443713 

 58.995121 	 -0.991481 	 -0.157002 	 -0.064317 	 0.987857 	 -5.652918 	 -2.436882 

 59.995039 	 -0.988776 	 -0.172479 	 -0.070990 	 1.092768 	 -5.634618 	 -2.429350 

 60.994956 	 -0.985784 	 -0.187907 	 -0.077641 	 1.197262 	 -5.614700 	 -2.421120 

 61.994873 	 -0.982506 	 -0.203280 	 -0.084270 	 1.301311 	 -5.593172 	 -2.412196 

 62.994790 	 -0.978943 	 -0.218594 	 -0.090875 	 1.404886 	 -5.570044 	 -2.402581 

 63.994708 	 -0.975096 	 -0.233845 	 -0.097453 	 1.507959 	 -5.545325 	 -2.392279 

 64.994625 	 -0.970967 	 -0.249028 	 -0.104003 	 1.610503 	 -5.519026 	 -2.381296 

 65.994542 	 -0.966558 	 -0.264139 	 -0.110523 	 1.712489 	 -5.491155 	 -2.369634 

 66.994459 	 -0.961869 	 -0.279174 	 -0.117011 	 1.813889 	 -5.461724 	 -2.357299 

 67.994376 	 -0.956903 	 -0.294128 	 -0.123465 	 1.914678 	 -5.430744 	 -2.344294 

 68.994294 	 -0.951660 	 -0.308997 	 -0.129884 	 2.014828 	 -5.398227 	 -2.330626 

 69.994211 	 -0.946144 	 -0.323778 	 -0.136265 	 2.114312 	 -5.364182 	 -2.316298 

 70.994128 	 -0.940355 	 -0.338465 	 -0.142607 	 2.213103 	 -5.328624 	 -2.301316 

 71.994045 	 -0.934295 	 -0.353055 	 -0.148908 	 2.311176 	 -5.291564 	 -2.285685 

 72.993963 	 -0.927967 	 -0.367543 	 -0.155167 	 2.408505 	 -5.253014 	 -2.269410 

 73.993880 	 -0.921373 	 -0.381926 	 -0.161380 	 2.505064 	 -5.212989 	 -2.252498 

 74.993797 	 -0.914514 	 -0.396199 	 -0.167548 	 2.600828 	 -5.171501 	 -2.234953 

 75.993714 	 -0.907393 	 -0.410358 	 -0.173667 	 2.695772 	 -5.128564 	 -2.216782 

 76.993631 	 -0.900012 	 -0.424400 	 -0.179736 	 2.789870 	 -5.084191 	 -2.197990 

 77.993549 	 -0.892373 	 -0.438321 	 -0.185755 	 2.883099 	 -5.038399 	 -2.178583 

 78.993466 	 -0.884479 	 -0.452116 	 -0.191720 	 2.975435 	 -4.991200 	 -2.158569 

 79.993383 	 -0.876332 	 -0.465782 	 -0.197630 	 3.066853 	 -4.942610 	 -2.137952 

 80.993300 	 -0.867935 	 -0.479315 	 -0.203483 	 3.157330 	 -4.892644 	 -2.116740 

 81.993218 	 -0.859291 	 -0.492711 	 -0.209279 	 3.246842 	 -4.841318 	 -2.094940 

 82.993135 	 -0.850401 	 -0.505966 	 -0.215015 	 3.335368 	 -4.788648 	 -2.072557 

 83.993052 	 -0.841269 	 -0.519078 	 -0.220690 	 3.422883 	 -4.734650 	 -2.049599 

 84.992969 	 -0.831897 	 -0.532041 	 -0.226301 	 3.509366 	 -4.679339 	 -2.026073 

 85.992886 	 -0.822288 	 -0.544853 	 -0.231849 	 3.594795 	 -4.622734 	 -2.001986 

 86.992804 	 -0.812446 	 -0.557510 	 -0.237330 	 3.679147 	 -4.564850 	 -1.977345 

 87.992721 	 -0.802372 	 -0.570009 	 -0.242744 	 3.762402 	 -4.505705 	 -1.952158 

 88.992638 	 -0.792071 	 -0.582346 	 -0.248089 	 3.844538 	 -4.445317 	 -1.926431 

 89.992555 	 -0.781544 	 -0.594517 	 -0.253364 	 3.925535 	 -4.383703 	 -1.900173 

 90.992473 	 -0.770796 	 -0.606519 	 -0.258566 	 4.005372 	 -4.320881 	 -1.873392 

 91.992395 	 -0.759829 	 -0.618350 	 -0.263696 	 4.084030 	 -4.256870 	 -1.846094 

 92.992312 	 -0.748647 	 -0.630005 	 -0.268750 	 4.161487 	 -4.191687 	 -1.818288 

 93.992230 	 -0.737253 	 -0.641482 	 -0.273729 	 4.237726 	 -4.125353 	 -1.789982 

 94.992147 	 -0.725650 	 -0.652777 	 -0.278630 	 4.312726 	 -4.057884 	 -1.761184 

 95.992064 	 -0.713842 	 -0.663888 	 -0.283452 	 4.386469 	 -3.989302 	 -1.731902 

 96.991981 	 -0.701832 	 -0.674811 	 -0.288194 	 4.458936 	 -3.919625 	 -1.702145 

 97.991899 	 -0.689623 	 -0.685542 	 -0.292854 	 4.530110 	 -3.848872 	 -1.671921 

 98.991816 	 -0.677220 	 -0.696081 	 -0.297432 	 4.599972 	 -3.777064 	 -1.641237 

 99.991733 	 -0.664625 	 -0.706422 	 -0.301926 	 4.668505 	 -3.704221 	 -1.610104 

 100.991650 	 -0.651843 	 -0.716564 	 -0.306334 	 4.735693 	 -3.630362 	 -1.578529 

 101.991567 	 -0.638876 	 -0.726504 	 -0.310656 	 4.801517 	 -3.555509 	 -1.546522 

 102.991485 	 -0.625730 	 -0.736239 	 -0.314891 	 4.865963 	 -3.479682 	 -1.514090 

 103.991402 	 -0.612407 	 -0.745767 	 -0.319036 	 4.929013 	 -3.402902 	 -1.481244 

 104.991319 	 -0.598911 	 -0.755084 	 -0.323092 	 4.990652 	 -3.325190 	 -1.447992 

 105.991236 	 -0.585247 	 -0.764188 	 -0.327057 	 5.050865 	 -3.246567 	 -1.414343 

 106.991154 	 -0.571418 	 -0.773077 	 -0.330929 	 5.109637 	 -3.167054 	 -1.380306 

 107.991071 	 -0.557427 	 -0.781749 	 -0.334708 	 5.166952 	 -3.086673 	 -1.345891 

 108.990988 	 -0.543280 	 -0.790200 	 -0.338393 	 5.222797 	 -3.005447 	 -1.311106 

 109.990905 	 -0.528980 	 -0.798429 	 -0.341983 	 5.277158 	 -2.923396 	 -1.275962 

 110.990822 	 -0.514531 	 -0.806433 	 -0.345477 	 5.330021 	 -2.840542 	 -1.240468 

 111.990740 	 -0.499938 	 -0.814211 	 -0.348873 	 5.381373 	 -2.756909 	 -1.204633 

 112.990657 	 -0.485204 	 -0.821759 	 -0.352171 	 5.431201 	 -2.672519 	 -1.168467 

 113.990574 	 -0.470333 	 -0.829076 	 -0.355371 	 5.479493 	 -2.587393 	 -1.131979 

 114.990491 	 -0.455330 	 -0.836161 	 -0.358470 	 5.526236 	 -2.501556 	 -1.095179 

 115.990409 	 -0.440199 	 -0.843010 	 -0.361469 	 5.571418 	 -2.415028 	 -1.058078 

 116.990326 	 -0.424945 	 -0.849622 	 -0.364366 	 5.615028 	 -2.327835 	 -1.020685 

 117.990243 	 -0.409571 	 -0.855996 	 -0.367160 	 5.657056 	 -2.239998 	 -0.983009 

 118.990160 	 -0.394082 	 -0.862129 	 -0.369852 	 5.697490 	 -2.151542 	 -0.945061 

 119.990077 	 -0.378482 	 -0.868020 	 -0.372439 	 5.736319 	 -2.062489 	 -0.906852 

 120.989995 	 -0.362776 	 -0.873667 	 -0.374922 	 5.773535 	 -1.972863 	 -0.868390 

 121.989912 	 -0.346968 	 -0.879069 	 -0.377300 	 5.809127 	 -1.882687 	 -0.829686 

 122.989829 	 -0.331063 	 -0.884223 	 -0.379572 	 5.843087 	 -1.791986 	 -0.790751 

 123.989746 	 -0.315064 	 -0.889130 	 -0.381737 	 5.875405 	 -1.700783 	 -0.751594 

 124.989664 	 -0.298977 	 -0.893787 	 -0.383795 	 5.906072 	 -1.609103 	 -0.712226 

 125.989581 	 -0.282807 	 -0.898192 	 -0.385745 	 5.935082 	 -1.516969 	 -0.672658 

 126.989498 	 -0.266556 	 -0.902346 	 -0.387586 	 5.962425 	 -1.424406 	 -0.632899 

 127.989415 	 -0.250231 	 -0.906246 	 -0.389319 	 5.988096 	 -1.331438 	 -0.592960 

 128.989332 	 -0.233836 	 -0.909891 	 -0.390943 	 6.012086 	 -1.238089 	 -0.552852 

 129.989250 	 -0.217375 	 -0.913281 	 -0.392456 	 6.034389 	 -1.144384 	 -0.512585 

 130.989167 	 -0.200853 	 -0.916415 	 -0.393860 	 6.054999 	 -1.050347 	 -0.472169 

 131.989084 	 -0.184274 	 -0.919290 	 -0.395153 	 6.073910 	 -0.956004 	 -0.431616 

 132.989001 	 -0.167644 	 -0.921908 	 -0.396334 	 6.091118 	 -0.861378 	 -0.390936 

 133.988919 	 -0.150966 	 -0.924266 	 -0.397405 	 6.106615 	 -0.766496 	 -0.350140 

 134.988836 	 -0.134246 	 -0.926365 	 -0.398364 	 6.120399 	 -0.671381 	 -0.309238 

 135.988753 	 -0.117489 	 -0.928203 	 -0.399210 	 6.132465 	 -0.576059 	 -0.268241 

 136.988670 	 -0.100698 	 -0.929781 	 -0.399945 	 6.142808 	 -0.480555 	 -0.227160 

 137.988587 	 -0.083879 	 -0.931096 	 -0.400567 	 6.151426 	 -0.384894 	 -0.186005 

 138.988505 	 -0.067036 	 -0.932150 	 -0.401076 	 6.158315 	 -0.289100 	 -0.144788 

 139.988422 	 -0.050175 	 -0.932942 	 -0.401472 	 6.163472 	 -0.193201 	 -0.103520 

 140.988339 	 -0.033299 	 -0.933471 	 -0.401756 	 6.166896 	 -0.097219 	 -0.062211 

 141.988256 	 -0.016414 	 -0.933737 	 -0.401926 	 6.168585 	 -0.001182 	 -0.020872 

 142.988173 	 0.000475 	 -0.933740 	 -0.401983 	 6.168536 	 0.094885 	 0.020486 

 143.988091 	 0.017365 	 -0.933480 	 -0.401927 	 6.166748 	 0.190958 	 0.061852 

 144.988008 	 0.034249 	 -0.932958 	 -0.401758 	 6.163222 	 0.287011 	 0.103215 

 145.987925 	 0.051124 	 -0.932172 	 -0.401475 	 6.157957 	 0.383018 	 0.144564 

 146.987842 	 0.067985 	 -0.931123 	 -0.401079 	 6.150952 	 0.478954 	 0.185889 

 147.987760 	 0.084826 	 -0.929812 	 -0.400570 	 6.142209 	 0.574792 	 0.227177 

 148.987677 	 0.101643 	 -0.928238 	 -0.399948 	 6.131728 	 0.670509 	 0.268418 

 149.987594 	 0.118432 	 -0.926402 	 -0.399214 	 6.119510 	 0.766077 	 0.309601 

 150.987511 	 0.135187 	 -0.924304 	 -0.398366 	 6.105558 	 0.861472 	 0.350715 

 151.987428 	 0.151904 	 -0.921946 	 -0.397406 	 6.089873 	 0.956667 	 0.391749 

 152.987346 	 0.168578 	 -0.919326 	 -0.396333 	 6.072458 	 1.051638 	 0.432692 

 153.987263 	 0.185205 	 -0.916447 	 -0.395148 	 6.053316 	 1.146359 	 0.473533 

 154.987180 	 0.201779 	 -0.913308 	 -0.393852 	 6.032450 	 1.240803 	 0.514261 

 155.987097 	 0.218296 	 -0.909911 	 -0.392444 	 6.009865 	 1.334946 	 0.554865 

 156.987015 	 0.234751 	 -0.906256 	 -0.390924 	 5.985563 	 1.428762 	 0.595334 

 157.986932 	 0.251139 	 -0.902344 	 -0.389294 	 5.959551 	 1.522225 	 0.635656 

 158.986849 	 0.267456 	 -0.898176 	 -0.387554 	 5.931832 	 1.615310 	 0.675821 

 159.986766 	 0.283698 	 -0.893753 	 -0.385704 	 5.902413 	 1.707991 	 0.715818 

 160.986683 	 0.299858 	 -0.889077 	 -0.383744 	 5.871299 	 1.800243 	 0.755636 

 161.986601 	 0.315934 	 -0.884148 	 -0.381675 	 5.838497 	 1.892040 	 0.795264 

 162.986518 	 0.331920 	 -0.878967 	 -0.379497 	 5.804014 	 1.983358 	 0.834690 

 163.986435 	 0.347811 	 -0.873537 	 -0.377212 	 5.767855 	 2.074170 	 0.873905 

 164.986352 	 0.363604 	 -0.867858 	 -0.374819 	 5.730030 	 2.164452 	 0.912897 

 165.986270 	 0.379292 	 -0.861932 	 -0.372320 	 5.690546 	 2.254178 	 0.951655 

 166.986187 	 0.394873 	 -0.855760 	 -0.369714 	 5.649412 	 2.343324 	 0.990169 

 167.986104 	 0.410341 	 -0.849344 	 -0.367003 	 5.606636 	 2.431863 	 1.028427 

 168.986021 	 0.425692 	 -0.842685 	 -0.364187 	 5.562228 	 2.519772 	 1.066419 

 169.985938 	 0.440922 	 -0.835786 	 -0.361267 	 5.516198 	 2.607024 	 1.104133 

 170.985856 	 0.456025 	 -0.828648 	 -0.358244 	 5.468555 	 2.693597 	 1.141561 

 171.985773 	 0.470998 	 -0.821273 	 -0.355119 	 5.419310 	 2.779464 	 1.178689 

 172.985690 	 0.485836 	 -0.813663 	 -0.351891 	 5.368475 	 2.864600 	 1.215509 

 173.985607 	 0.500535 	 -0.805820 	 -0.348563 	 5.316061 	 2.948983 	 1.252010 

 174.985525 	 0.515090 	 -0.797745 	 -0.345135 	 5.262080 	 3.032586 	 1.288180 

 175.985442 	 0.529498 	 -0.789442 	 -0.341608 	 5.206544 	 3.115387 	 1.324009 

 176.985359 	 0.543753 	 -0.780912 	 -0.337983 	 5.149465 	 3.197360 	 1.359488 

 177.985276 	 0.557853 	 -0.772158 	 -0.334261 	 5.090858 	 3.278482 	 1.394605 

 178.985193 	 0.571791 	 -0.763181 	 -0.330442 	 5.030736 	 3.358728 	 1.429350 

 179.985111 	 0.585565 	 -0.753985 	 -0.326529 	 4.969112 	 3.438076 	 1.463713 

 180.985028 	 0.599171 	 -0.744572 	 -0.322521 	 4.906002 	 3.516501 	 1.497684 

 181.984945 	 0.612603 	 -0.734943 	 -0.318421 	 4.841421 	 3.593980 	 1.531252 

 182.984873 	 0.625859 	 -0.725103 	 -0.314228 	 4.775383 	 3.670489 	 1.564408 

 183.984790 	 0.638934 	 -0.715053 	 -0.309945 	 4.707905 	 3.746006 	 1.597141 

 184.984708 	 0.651825 	 -0.704797 	 -0.305572 	 4.639003 	 3.820508 	 1.629442 

 185.984625 	 0.664526 	 -0.694336 	 -0.301110 	 4.568693 	 3.893971 	 1.661301 

 186.984542 	 0.677035 	 -0.683674 	 -0.296562 	 4.496994 	 3.966374 	 1.692707 

 187.984459 	 0.689348 	 -0.672815 	 -0.291927 	 4.423921 	 4.037694 	 1.723652 

 188.984377 	 0.701461 	 -0.661759 	 -0.287208 	 4.349495 	 4.107908 	 1.754126 

 189.984294 	 0.713370 	 -0.650512 	 -0.282405 	 4.273732 	 4.176995 	 1.784118 

 190.984211 	 0.725071 	 -0.639075 	 -0.277520 	 4.196652 	 4.244933 	 1.813621 

 191.984128 	 0.736562 	 -0.627453 	 -0.272554 	 4.118274 	 4.311701 	 1.842623 

 192.984045 	 0.747837 	 -0.615647 	 -0.267509 	 4.038617 	 4.377277 	 1.871117 

 193.983963 	 0.758895 	 -0.603662 	 -0.262386 	 3.957703 	 4.441640 	 1.899093 

 194.983880 	 0.769731 	 -0.591501 	 -0.257186 	 3.875552 	 4.504769 	 1.926542 

 195.983797 	 0.780343 	 -0.579167 	 -0.251911 	 3.792184 	 4.566645 	 1.953455 

 196.983714 	 0.790726 	 -0.566663 	 -0.246563 	 3.707621 	 4.627245 	 1.979823 

 197.983632 	 0.800877 	 -0.553994 	 -0.241142 	 3.621885 	 4.686552 	 2.005638 

 198.983549 	 0.810794 	 -0.541162 	 -0.235651 	 3.534999 	 4.744544 	 2.030891 

 199.983466 	 0.820473 	 -0.528172 	 -0.230090 	 3.446984 	 4.801203 	 2.055573 

 200.983383 	 0.829910 	 -0.515026 	 -0.224462 	 3.357864 	 4.856509 	 2.079677 

 201.983300 	 0.839104 	 -0.501729 	 -0.218768 	 3.267663 	 4.910443 	 2.103194 

 202.983218 	 0.848051 	 -0.488284 	 -0.213009 	 3.176405 	 4.962987 	 2.126116 

 203.983135 	 0.856748 	 -0.474695 	 -0.207188 	 3.084113 	 5.014123 	 2.148435 

 204.983052 	 0.865192 	 -0.460967 	 -0.201305 	 2.990813 	 5.063832 	 2.170143 

 205.982969 	 0.873381 	 -0.447102 	 -0.195364 	 2.896529 	 5.112098 	 2.191233 

 206.982887 	 0.881312 	 -0.433105 	 -0.189364 	 2.801288 	 5.158903 	 2.211697 

 207.982804 	 0.888982 	 -0.418980 	 -0.183308 	 2.705115 	 5.204229 	 2.231528 

 208.982721 	 0.896388 	 -0.404731 	 -0.177198 	 2.608036 	 5.248062 	 2.250718 

 209.982638 	 0.903529 	 -0.390362 	 -0.171036 	 2.510078 	 5.290383 	 2.269262 

 210.982555 	 0.910402 	 -0.375877 	 -0.164823 	 2.411269 	 5.331179 	 2.287151 

 211.982473 	 0.917004 	 -0.361280 	 -0.158561 	 2.311634 	 5.370433 	 2.304378 

 212.982390 	 0.923333 	 -0.346576 	 -0.152251 	 2.211203 	 5.408130 	 2.320939 

 213.982307 	 0.929387 	 -0.331768 	 -0.145896 	 2.110004 	 5.444255 	 2.336825 

 214.982224 	 0.935165 	 -0.316862 	 -0.139498 	 2.008064 	 5.478796 	 2.352032 

 215.982142 	 0.940663 	 -0.301861 	 -0.133058 	 1.905413 	 5.511737 	 2.366552 

 216.982059 	 0.945880 	 -0.286770 	 -0.126579 	 1.802080 	 5.543065 	 2.380380 

 217.981976 	 0.950814 	 -0.271593 	 -0.120061 	 1.698094 	 5.572768 	 2.393510 

 218.981893 	 0.955463 	 -0.256335 	 -0.113508 	 1.593485 	 5.600832 	 2.405938 

 219.981810 	 0.959826 	 -0.240999 	 -0.106920 	 1.488284 	 5.627247 	 2.417657 

 220.981728 	 0.963901 	 -0.225592 	 -0.100301 	 1.382521 	 5.652000 	 2.428662 

 221.981645 	 0.967686 	 -0.210117 	 -0.093651 	 1.276226 	 5.675080 	 2.438949 

 222.981562 	 0.971181 	 -0.194579 	 -0.086973 	 1.169431 	 5.696477 	 2.448513 

 223.981479 	 0.974383 	 -0.178982 	 -0.080269 	 1.062167 	 5.716180 	 2.457349 

 224.981397 	 0.977291 	 -0.163331 	 -0.073541 	 0.954466 	 5.734179 	 2.465454 

 225.981314 	 0.979904 	 -0.147630 	 -0.066791 	 0.846359 	 5.750467 	 2.472823 

 226.981231 	 0.982221 	 -0.131886 	 -0.060020 	 0.737880 	 5.765032 	 2.479451 

 227.981148 	 0.984242 	 -0.116101 	 -0.053231 	 0.629059 	 5.777869 	 2.485337 

 228.981065 	 0.985964 	 -0.100281 	 -0.046426 	 0.519930 	 5.788968 	 2.490475 

 229.980983 	 0.987388 	 -0.084431 	 -0.039608 	 0.410527 	 5.798323 	 2.494864 

 230.980900 	 0.988512 	 -0.068555 	 -0.032777 	 0.300881 	 5.805927 	 2.498500 

 231.980817 	 0.989336 	 -0.052659 	 -0.025936 	 0.191027 	 5.811775 	 2.501379 

 232.980734 	 0.989859 	 -0.036746 	 -0.019087 	 0.080998 	 5.815859 	 2.503501 

 233.980651 	 0.990080 	 -0.020822 	 -0.012232 	 -0.029173 	 5.818176 	 2.504862 

 234.980569 	 0.990001 	 -0.004892 	 -0.005374 	 -0.139450 	 5.818721 	 2.505461 

 235.980486 	 0.989619 	 0.011040 	 0.001486 	 -0.249801 	 5.817490 	 2.505295 

 236.980403 	 0.988935 	 0.026968 	 0.008345 	 -0.360190 	 5.814480 	 2.504364 

 237.980320 	 0.987949 	 0.042888 	 0.015202 	 -0.470584 	 5.809687 	 2.502665 

 238.980238 	 0.986660 	 0.058795 	 0.022055 	 -0.580947 	 5.803111 	 2.500198 

 239.980155 	 0.985069 	 0.074684 	 0.028900 	 -0.691245 	 5.794748 	 2.496962 

 240.980072 	 0.983177 	 0.090550 	 0.035737 	 -0.801444 	 5.784599 	 2.492956 

 241.979989 	 0.980982 	 0.106388 	 0.042563 	 -0.911507 	 5.772663 	 2.488181 

 242.979906 	 0.978487 	 0.122194 	 0.049375 	 -1.021400 	 5.758939 	 2.482636 

 243.979824 	 0.975690 	 0.137962 	 0.056173 	 -1.131088 	 5.743430 	 2.476321 

 244.979741 	 0.972593 	 0.153687 	 0.062953 	 -1.240536 	 5.726135 	 2.469237 

 245.979658 	 0.969197 	 0.169365 	 0.069714 	 -1.349708 	 5.707057 	 2.461384 

 246.979575 	 0.965501 	 0.184991 	 0.076453 	 -1.458569 	 5.686199 	 2.452764 

 247.979493 	 0.961508 	 0.200560 	 0.083169 	 -1.567084 	 5.663564 	 2.443377 

 248.979410 	 0.957217 	 0.216067 	 0.089859 	 -1.675217 	 5.639156 	 2.433226 

 249.979327 	 0.952630 	 0.231507 	 0.096521 	 -1.782933 	 5.612979 	 2.422313 

 250.979244 	 0.947748 	 0.246875 	 0.103153 	 -1.890197 	 5.585038 	 2.410638 

 251.979161 	 0.942573 	 0.262167 	 0.109753 	 -1.996973 	 5.555340 	 2.398205 

 252.979079 	 0.937105 	 0.277378 	 0.116320 	 -2.103226 	 5.523889 	 2.385016 

 253.978996 	 0.931347 	 0.292502 	 0.122850 	 -2.208921 	 5.490695 	 2.371074 

 254.978913 	 0.925299 	 0.307535 	 0.129342 	 -2.314022 	 5.455763 	 2.356383 

 255.978830 	 0.918963 	 0.322473 	 0.135794 	 -2.418495 	 5.419102 	 2.340945 

 256.978748 	 0.912341 	 0.337311 	 0.142203 	 -2.522305 	 5.380722 	 2.324765 

 257.978665 	 0.905435 	 0.352043 	 0.148568 	 -2.625416 	 5.340631 	 2.307846 

 258.978582 	 0.898247 	 0.366666 	 0.154887 	 -2.727795 	 5.298840 	 2.290192 

 259.978499 	 0.890778 	 0.381174 	 0.161158 	 -2.829405 	 5.255359 	 2.271809 

 260.978416 	 0.883031 	 0.395563 	 0.167378 	 -2.930214 	 5.210201 	 2.252701 

 261.978334 	 0.875008 	 0.409829 	 0.173546 	 -3.030187 	 5.163377 	 2.232873 

 262.978251 	 0.866711 	 0.423966 	 0.179659 	 -3.129289 	 5.114899 	 2.212330 

 263.978168 	 0.858143 	 0.437971 	 0.185717 	 -3.227487 	 5.064782 	 2.191078 

 264.978085 	 0.849307 	 0.451838 	 0.191716 	 -3.324748 	 5.013038 	 2.169123 

 265.978003 	 0.840203 	 0.465564 	 0.197655 	 -3.421037 	 4.959684 	 2.146472 

 266.977920 	 0.830837 	 0.479143 	 0.203532 	 -3.516322 	 4.904733 	 2.123129 

 267.977837 	 0.821209 	 0.492573 	 0.209345 	 -3.610570 	 4.848201 	 2.099103 

 268.977754 	 0.811323 	 0.505847 	 0.215093 	 -3.703748 	 4.790106 	 2.074401 

 269.977671 	 0.801182 	 0.518962 	 0.220772 	 -3.795825 	 4.730464 	 2.049028 

 270.977589 	 0.790789 	 0.531914 	 0.226382 	 -3.886767 	 4.669293 	 2.022994 

 271.977506 	 0.780147 	 0.544699 	 0.231921 	 -3.976544 	 4.606611 	 1.996305 

 272.977423 	 0.769260 	 0.557312 	 0.237387 	 -4.065124 	 4.542437 	 1.968970 

 273.977340 	 0.758129 	 0.569749 	 0.242778 	 -4.152476 	 4.476790 	 1.940997 

 274.977258 	 0.746760 	 0.582006 	 0.248093 	 -4.238570 	 4.409690 	 1.912394 

 275.977175 	 0.735155 	 0.594080 	 0.253329 	 -4.323375 	 4.341159 	 1.883171 

 276.977092 	 0.723317 	 0.605966 	 0.258485 	 -4.406862 	 4.271217 	 1.853336 

 277.977009 	 0.711251 	 0.617661 	 0.263559 	 -4.489002 	 4.199885 	 1.822899 

 278.976926 	 0.698960 	 0.629160 	 0.268551 	 -4.569765 	 4.127188 	 1.791868 

 279.976844 	 0.686448 	 0.640460 	 0.273457 	 -4.649123 	 4.053146 	 1.760255 

 280.976761 	 0.673719 	 0.651558 	 0.278276 	 -4.727049 	 3.977784 	 1.728068 

 281.976678 	 0.660776 	 0.662449 	 0.283008 	 -4.803514 	 3.901125 	 1.695318 

 282.976595 	 0.647624 	 0.673130 	 0.287650 	 -4.878491 	 3.823195 	 1.662016 

 283.976513 	 0.634267 	 0.683598 	 0.292200 	 -4.951955 	 3.744017 	 1.628172 

 284.976430 	 0.620709 	 0.693849 	 0.296658 	 -5.023879 	 3.663619 	 1.593798 

 285.976347 	 0.606953 	 0.703880 	 0.301022 	 -5.094237 	 3.582024 	 1.558903 

 286.976264 	 0.593005 	 0.713688 	 0.305290 	 -5.163005 	 3.499261 	 1.523500 

 287.976181 	 0.578869 	 0.723269 	 0.309461 	 -5.230159 	 3.415356 	 1.487600 

 288.976099 	 0.564549 	 0.732620 	 0.313535 	 -5.295674 	 3.330337 	 1.451214 

 289.976016 	 0.550049 	 0.741739 	 0.317508 	 -5.359527 	 3.244230 	 1.414356 

 290.975933 	 0.535375 	 0.750621 	 0.321380 	 -5.421697 	 3.157066 	 1.377036 

 291.975850 	 0.520530 	 0.759265 	 0.325151 	 -5.482160 	 3.068872 	 1.339268 

 292.975768 	 0.505520 	 0.767668 	 0.328818 	 -5.540896 	 2.979678 	 1.301063 

 293.975685 	 0.490349 	 0.775826 	 0.332380 	 -5.597883 	 2.889513 	 1.262434 

 294.975602 	 0.475022 	 0.783738 	 0.335837 	 -5.653102 	 2.798407 	 1.223395 

 295.975519 	 0.459544 	 0.791400 	 0.339186 	 -5.706533 	 2.706391 	 1.183958 

 296.975436 	 0.443919 	 0.798810 	 0.342428 	 -5.758158 	 2.613495 	 1.144136 

 297.975354 	 0.428154 	 0.805966 	 0.345561 	 -5.807957 	 2.519751 	 1.103943 

 298.975271 	 0.412251 	 0.812865 	 0.348583 	 -5.855915 	 2.425190 	 1.063392 

 299.975188 	 0.396218 	 0.819505 	 0.351495 	 -5.902013 	 2.329844 	 1.022497 

 300.975105 	 0.380058 	 0.825884 	 0.354294 	 -5.946237 	 2.233745 	 0.981272 

 301.975023 	 0.363777 	 0.832000 	 0.356981 	 -5.988569 	 2.136925 	 0.939730 

 302.974940 	 0.347381 	 0.837851 	 0.359554 	 -6.028997 	 2.039417 	 0.897885 

 303.974857 	 0.330873 	 0.843435 	 0.362012 	 -6.067506 	 1.941253 	 0.855752 

 304.974774 	 0.314260 	 0.848750 	 0.364355 	 -6.104082 	 1.842468 	 0.813345 

 305.974691 	 0.297547 	 0.853795 	 0.366582 	 -6.138714 	 1.743094 	 0.770678 

 306.974609 	 0.280740 	 0.858567 	 0.368693 	 -6.171390 	 1.643166 	 0.727766 

 307.974526 	 0.263842 	 0.863066 	 0.370685 	 -6.202097 	 1.542716 	 0.684623 

 308.974443 	 0.246861 	 0.867290 	 0.372560 	 -6.230827 	 1.441780 	 0.641264 

 309.974360 	 0.229801 	 0.871238 	 0.374315 	 -6.257570 	 1.340391 	 0.597704 

 310.974278 	 0.212668 	 0.874908 	 0.375952 	 -6.282317 	 1.238584 	 0.553957 

 311.974195 	 0.195467 	 0.878299 	 0.377469 	 -6.305060 	 1.136393 	 0.510038 

 312.974112 	 0.178204 	 0.881410 	 0.378865 	 -6.325791 	 1.033853 	 0.465962 

 313.974029 	 0.160884 	 0.884241 	 0.380141 	 -6.344505 	 0.930999 	 0.421745 

 314.973946 	 0.143512 	 0.886790 	 0.381296 	 -6.361195 	 0.827865 	 0.377400 

 315.973864 	 0.126095 	 0.889057 	 0.382329 	 -6.375858 	 0.724487 	 0.332944 

 316.973781 	 0.108638 	 0.891041 	 0.383241 	 -6.388487 	 0.620901 	 0.288391 

 317.973698 	 0.091147 	 0.892741 	 0.384030 	 -6.399081 	 0.517139 	 0.243756 

 318.973615 	 0.073626 	 0.894156 	 0.384698 	 -6.407636 	 0.413239 	 0.199054 

 319.973533 	 0.056082 	 0.895288 	 0.385243 	 -6.414151 	 0.309235 	 0.154301 

 320.973450 	 0.038520 	 0.896135 	 0.385665 	 -6.418625 	 0.205163 	 0.109512 

 321.973367 	 0.020946 	 0.896696 	 0.385965 	 -6.421056 	 0.101057 	 0.064702 

 322.973284 	 0.003365 	 0.896973 	 0.386142 	 -6.421447 	 -0.003048 	 0.019885 

 323.973201 	 -0.014217 	 0.896965 	 0.386197 	 -6.419797 	 -0.107116 	 -0.024922 

 324.973119 	 -0.031794 	 0.896671 	 0.386128 	 -6.416110 	 -0.211112 	 -0.069706 

 325.973036 	 -0.049362 	 0.896093 	 0.385937 	 -6.410387 	 -0.315002 	 -0.114450 

 326.972953 	 -0.066913 	 0.895231 	 0.385624 	 -6.402632 	 -0.418751 	 -0.159140 

 327.972870 	 -0.084444 	 0.894084 	 0.385188 	 -6.392850 	 -0.522323 	 -0.203761 

 328.972787 	 -0.101947 	 0.892654 	 0.384630 	 -6.381046 	 -0.625684 	 -0.248298 

 329.972705 	 -0.119419 	 0.890941 	 0.383951 	 -6.367224 	 -0.728800 	 -0.292735 

 330.972622 	 -0.136852 	 0.888946 	 0.383149 	 -6.351393 	 -0.831637 	 -0.337060 

 331.972539 	 -0.154242 	 0.886669 	 0.382226 	 -6.333558 	 -0.934160 	 -0.381255 

 332.972456 	 -0.171584 	 0.884111 	 0.381182 	 -6.313729 	 -1.036335 	 -0.425308 

 333.972374 	 -0.188871 	 0.881273 	 0.380018 	 -6.291913 	 -1.138129 	 -0.469203 

 334.972291 	 -0.206098 	 0.878157 	 0.378733 	 -6.268120 	 -1.239507 	 -0.512925 

 335.972208 	 -0.223260 	 0.874763 	 0.377329 	 -6.242360 	 -1.340437 	 -0.556462 

 336.972125 	 -0.240352 	 0.871093 	 0.375805 	 -6.214644 	 -1.440886 	 -0.599797 

 337.972042 	 -0.257367 	 0.867148 	 0.374163 	 -6.184984 	 -1.540820 	 -0.642917 

 338.971960 	 -0.274302 	 0.862929 	 0.372403 	 -6.153392 	 -1.640208 	 -0.685809 

 339.971877 	 -0.291150 	 0.858439 	 0.370525 	 -6.119880 	 -1.739016 	 -0.728457 

 340.971794 	 -0.307906 	 0.853677 	 0.368530 	 -6.084462 	 -1.837213 	 -0.770848 

 341.971711 	 -0.324565 	 0.848647 	 0.366420 	 -6.047152 	 -1.934766 	 -0.812969 

 342.971629 	 -0.341122 	 0.843349 	 0.364194 	 -6.007966 	 -2.031646 	 -0.854805 

 343.971546 	 -0.357572 	 0.837787 	 0.361853 	 -5.966919 	 -2.127819 	 -0.896344 

 344.971463 	 -0.373910 	 0.831961 	 0.359399 	 -5.924026 	 -2.223257 	 -0.937573 

 345.971380 	 -0.390130 	 0.825874 	 0.356832 	 -5.879305 	 -2.317928 	 -0.978477 

 346.971297 	 -0.406227 	 0.819527 	 0.354153 	 -5.832773 	 -2.411802 	 -1.019044 

 347.971215 	 -0.422197 	 0.812924 	 0.351363 	 -5.784448 	 -2.504850 	 -1.059261 

 348.971132 	 -0.438035 	 0.806065 	 0.348463 	 -5.734348 	 -2.597043 	 -1.099116 

 349.971049 	 -0.453736 	 0.798955 	 0.345453 	 -5.682493 	 -2.688351 	 -1.138596 

 350.970966 	 -0.469294 	 0.791594 	 0.342336 	 -5.628903 	 -2.778746 	 -1.177689 

 351.970884 	 -0.484706 	 0.783986 	 0.339111 	 -5.573597 	 -2.868200 	 -1.216382 

 352.970801 	 -0.499967 	 0.776133 	 0.335781 	 -5.516596 	 -2.956686 	 -1.254664 

 353.970718 	 -0.515071 	 0.768037 	 0.332346 	 -5.457923 	 -3.044175 	 -1.292522 

 354.970635 	 -0.530015 	 0.759702 	 0.328807 	 -5.397598 	 -3.130643 	 -1.329946 

 355.970552 	 -0.544794 	 0.751130 	 0.325165 	 -5.335644 	 -3.216061 	 -1.366924 

 356.970470 	 -0.559403 	 0.742325 	 0.321423 	 -5.272085 	 -3.300404 	 -1.403444 

 357.970387 	 -0.573838 	 0.733288 	 0.317580 	 -5.206942 	 -3.383648 	 -1.439496 

 358.970304 	 -0.588094 	 0.724024 	 0.313639 	 -5.140241 	 -3.465766 	 -1.475069 

 359.970221 	 -0.602168 	 0.714535 	 0.309600 	 -5.072005 	 -3.546735 	 -1.510152 

 360.970139 	 -0.616055 	 0.704824 	 0.305465 	 -5.002259 	 -3.626531 	 -1.544735 

 361.970056 	 -0.629751 	 0.694894 	 0.301236 	 -4.931029 	 -3.705129 	 -1.578807 

 362.969973 	 -0.643253 	 0.684750 	 0.296913 	 -4.858339 	 -3.782508 	 -1.612359 

 363.969890 	 -0.656555 	 0.674393 	 0.292498 	 -4.784217 	 -3.858644 	 -1.645381 

 364.969807 	 -0.669654 	 0.663828 	 0.287993 	 -4.708688 	 -3.933516 	 -1.677863 

 365.969746 	 -0.682546 	 0.653058 	 0.283399 	 -4.631779 	 -4.007103 	 -1.709796 
