
 0.000000 	 0.073106 	 -0.396312 	 -0.219279 	 8.064517 	 2.215858 	 0.347360 

 0.999918 	 0.095186 	 -0.390245 	 -0.218327 	 7.956848 	 2.657280 	 0.594319 

 1.999835 	 0.116972 	 -0.382969 	 -0.216700 	 7.822894 	 3.095847 	 0.842479 

 2.999753 	 0.138391 	 -0.374493 	 -0.214394 	 7.662154 	 3.530816 	 1.091495 

 3.999670 	 0.159370 	 -0.364825 	 -0.211405 	 7.474070 	 3.961372 	 1.340988 

 4.999588 	 0.179834 	 -0.353979 	 -0.207733 	 7.258028 	 4.386620 	 1.590546 

 5.999505 	 0.199707 	 -0.341968 	 -0.203378 	 7.013364 	 4.805571 	 1.839708 

 6.999423 	 0.218909 	 -0.328811 	 -0.198341 	 6.739366 	 5.217126 	 2.087962 

 7.999340 	 0.237362 	 -0.314526 	 -0.192624 	 6.435283 	 5.620065 	 2.334732 

 8.999258 	 0.254982 	 -0.299139 	 -0.186232 	 6.100331 	 6.013023 	 2.579373 

 9.999175 	 0.271684 	 -0.282675 	 -0.179170 	 5.733707 	 6.394479 	 2.821153 

 10.999092 	 0.287383 	 -0.265167 	 -0.171445 	 5.334600 	 6.762732 	 3.059250 

 11.999009 	 0.301989 	 -0.246650 	 -0.163069 	 4.902217 	 7.115882 	 3.292730 

 12.998927 	 0.315412 	 -0.227167 	 -0.154054 	 4.435797 	 7.451809 	 3.520539 

 13.998844 	 0.327557 	 -0.206764 	 -0.144414 	 3.934650 	 7.768149 	 3.741486 

 14.998761 	 0.338330 	 -0.185495 	 -0.134170 	 3.398189 	 8.062273 	 3.954229 

 15.998678 	 0.347634 	 -0.163420 	 -0.123344 	 2.825977 	 8.331265 	 4.157254 

 16.998595 	 0.355372 	 -0.140609 	 -0.111961 	 2.217785 	 8.571908 	 4.348867 

 17.998513 	 0.361444 	 -0.117140 	 -0.100054 	 1.573657 	 8.780662 	 4.527173 

 18.998430 	 0.365753 	 -0.093098 	 -0.087658 	 0.893991 	 8.953663 	 4.690065 

 19.998347 	 0.368200 	 -0.068583 	 -0.074817 	 0.179633 	 9.086724 	 4.835220 

 20.998264 	 0.368692 	 -0.043704 	 -0.061578 	 -0.568016 	 9.175347 	 4.960091 

 21.998182 	 0.367137 	 -0.018581 	 -0.047997 	 -1.346874 	 9.214767 	 5.061914 

 22.998099 	 0.363449 	 0.006649 	 -0.034138 	 -2.154049 	 9.200001 	 5.137730 

 23.998016 	 0.357551 	 0.031838 	 -0.020071 	 -2.985693 	 9.125947 	 5.184414 

 24.997933 	 0.349377 	 0.056825 	 -0.005876 	 -3.836864 	 8.987507 	 5.198729 

 25.997850 	 0.338871 	 0.081433 	 0.008358 	 -4.701387 	 8.779757 	 5.177406 

 26.997768 	 0.325999 	 0.105472 	 0.022534 	 -5.571745 	 8.498166 	 5.117244 

 27.997685 	 0.310743 	 0.128740 	 0.036545 	 -6.439010 	 8.138862 	 5.015249 

 28.997602 	 0.293113 	 0.151024 	 0.050277 	 -7.292838 	 7.698935 	 4.868795 

 29.997519 	 0.273146 	 0.172104 	 0.063608 	 -8.121544 	 7.176784 	 4.675814 

 30.997437 	 0.250909 	 0.191754 	 0.076410 	 -8.912296 	 6.572462 	 4.435004 

 31.997354 	 0.226507 	 0.209749 	 0.088553 	 -9.651430 	 5.888013 	 4.146040 

 32.997271 	 0.200081 	 0.225870 	 0.099905 	 -10.324899 	 5.127738 	 3.809763 

 33.997188 	 0.171812 	 0.239910 	 0.110336 	 -10.918848 	 4.298375 	 3.428334 

 34.997105 	 0.141916 	 0.251679 	 0.119723 	 -11.420277 	 3.409122 	 3.005321 

 35.997023 	 0.110647 	 0.261013 	 0.127951 	 -11.817751 	 2.471493 	 2.545686 

 36.996940 	 0.078290 	 0.267780 	 0.134921 	 -12.102084 	 1.498975 	 2.055682 

 37.996857 	 0.045155 	 0.271884 	 0.140550 	 -12.266912 	 0.506518 	 1.542634 

 38.996774 	 0.011568 	 0.273271 	 0.144774 	 -12.309101 	 -0.490126 	 1.014633 

 39.996692 	 -0.022134 	 0.271929 	 0.147552 	 -12.228924 	 -1.475133 	 0.480158 

 40.996609 	 -0.055617 	 0.267890 	 0.148866 	 -12.029989 	 -2.433342 	 -0.052317 

 41.996526 	 -0.088555 	 0.261228 	 0.148723 	 -11.718935 	 -3.350917 	 -0.574714 

 42.996443 	 -0.120642 	 0.252053 	 0.147149 	 -11.304937 	 -4.215872 	 -1.079677 

 43.996360 	 -0.151595 	 0.240510 	 0.144193 	 -10.799086 	 -5.018422 	 -1.560831 

 44.996278 	 -0.181162 	 0.226770 	 0.139920 	 -10.213719 	 -5.751153 	 -2.012935 

 45.996198 	 -0.209128 	 0.211023 	 0.134408 	 -9.561765 	 -6.409016 	 -2.431952 

 46.996115 	 -0.235308 	 0.193475 	 0.127750 	 -8.856165 	 -6.989176 	 -2.815026 

 47.996032 	 -0.259556 	 0.174339 	 0.120042 	 -8.109390 	 -7.490769 	 -3.160402 

 48.995949 	 -0.281759 	 0.153829 	 0.111389 	 -7.333092 	 -7.914596 	 -3.467299 

 49.995866 	 -0.301837 	 0.132159 	 0.101895 	 -6.537858 	 -8.262788 	 -3.735757 

 50.995784 	 -0.319738 	 0.109535 	 0.091667 	 -5.733082 	 -8.538486 	 -3.966481 

 51.995701 	 -0.335435 	 0.086157 	 0.080807 	 -4.926919 	 -8.745550 	 -4.160687 

 52.995618 	 -0.348925 	 0.062212 	 0.069415 	 -4.126308 	 -8.888295 	 -4.319959 

 53.995535 	 -0.360223 	 0.037876 	 0.057587 	 -3.337037 	 -8.971283 	 -4.446135 

 54.995453 	 -0.369360 	 0.013312 	 0.045413 	 -2.563847 	 -8.999150 	 -4.541200 

 55.995370 	 -0.376380 	 -0.011328 	 0.032979 	 -1.810538 	 -8.976478 	 -4.607207 

 56.995287 	 -0.381337 	 -0.035905 	 0.020365 	 -1.080094 	 -8.907702 	 -4.646216 

 57.995204 	 -0.384294 	 -0.060294 	 0.007644 	 -0.374797 	 -8.797044 	 -4.660244 

 58.995121 	 -0.385320 	 -0.084381 	 -0.005116 	 0.303664 	 -8.648469 	 -4.651235 

 59.995039 	 -0.384489 	 -0.108060 	 -0.017851 	 0.954093 	 -8.465666 	 -4.621037 

 60.994956 	 -0.381877 	 -0.131239 	 -0.030504 	 1.575698 	 -8.252040 	 -4.571384 

 61.994873 	 -0.377562 	 -0.153833 	 -0.043020 	 2.168011 	 -8.010709 	 -4.503895 

 62.994790 	 -0.371626 	 -0.175767 	 -0.055352 	 2.730825 	 -7.744517 	 -4.420067 

 63.994708 	 -0.364149 	 -0.196971 	 -0.067454 	 3.264135 	 -7.456045 	 -4.321278 

 64.994625 	 -0.355212 	 -0.217386 	 -0.079286 	 3.768090 	 -7.147631 	 -4.208792 

 65.994542 	 -0.344895 	 -0.236956 	 -0.090809 	 4.242954 	 -6.821381 	 -4.083763 

 66.994459 	 -0.333278 	 -0.255633 	 -0.101991 	 4.689072 	 -6.479198 	 -3.947241 

 67.994376 	 -0.320439 	 -0.273373 	 -0.112798 	 5.106841 	 -6.122790 	 -3.800181 

 68.994294 	 -0.306457 	 -0.290137 	 -0.123203 	 5.496695 	 -5.753697 	 -3.643450 

 69.994211 	 -0.291407 	 -0.305891 	 -0.133179 	 5.859076 	 -5.373304 	 -3.477835 

 70.994128 	 -0.275365 	 -0.320603 	 -0.142701 	 6.194429 	 -4.982858 	 -3.304046 

 71.994045 	 -0.258404 	 -0.334246 	 -0.151748 	 6.503184 	 -4.583484 	 -3.122730 

 72.993963 	 -0.240599 	 -0.346796 	 -0.160298 	 6.785750 	 -4.176197 	 -2.934472 

 73.993880 	 -0.222019 	 -0.358230 	 -0.168332 	 7.042505 	 -3.761920 	 -2.739804 

 74.993797 	 -0.202737 	 -0.368530 	 -0.175834 	 7.273791 	 -3.341493 	 -2.539209 

 75.993714 	 -0.182821 	 -0.377679 	 -0.182786 	 7.479910 	 -2.915684 	 -2.333129 

 76.993631 	 -0.162341 	 -0.385662 	 -0.189174 	 7.661119 	 -2.485200 	 -2.121969 

 77.993549 	 -0.141365 	 -0.392467 	 -0.194984 	 7.817624 	 -2.050700 	 -1.906101 

 78.993466 	 -0.119960 	 -0.398082 	 -0.200203 	 7.949584 	 -1.612797 	 -1.685872 

 79.993383 	 -0.098194 	 -0.402497 	 -0.204819 	 8.057104 	 -1.172077 	 -1.461602 

 80.993300 	 -0.076134 	 -0.405707 	 -0.208821 	 8.140232 	 -0.729098 	 -1.233596 

 81.993218 	 -0.053846 	 -0.407703 	 -0.212198 	 8.198964 	 -0.284403 	 -1.002145 

 82.993135 	 -0.031397 	 -0.408481 	 -0.214942 	 8.233236 	 0.161473 	 -0.767526 

 83.993052 	 -0.008855 	 -0.408039 	 -0.217044 	 8.242926 	 0.607993 	 -0.530013 

 84.992969 	 0.013714 	 -0.406375 	 -0.218495 	 8.227853 	 1.054616 	 -0.289878 

 85.992886 	 0.036242 	 -0.403487 	 -0.219289 	 8.187777 	 1.500781 	 -0.047394 

 86.992804 	 0.058660 	 -0.399378 	 -0.219418 	 8.122398 	 1.945905 	 0.197157 

 87.992721 	 0.080899 	 -0.394050 	 -0.218879 	 8.031353 	 2.389371 	 0.443484 

 88.992638 	 0.102889 	 -0.387508 	 -0.217664 	 7.914222 	 2.830517 	 0.691277 

 89.992555 	 0.124558 	 -0.379758 	 -0.215772 	 7.770523 	 3.268632 	 0.940206 

 90.992473 	 0.145834 	 -0.370809 	 -0.213197 	 7.599716 	 3.702938 	 1.189912 

 91.992395 	 0.166642 	 -0.360670 	 -0.209939 	 7.401204 	 4.132585 	 1.440002 

 92.992312 	 0.186907 	 -0.349355 	 -0.205997 	 7.174336 	 4.556633 	 1.690041 

 93.992230 	 0.206550 	 -0.336879 	 -0.201369 	 6.918411 	 4.974041 	 1.939546 

 94.992147 	 0.225493 	 -0.323260 	 -0.196059 	 6.632684 	 5.383652 	 2.187978 

 95.992064 	 0.243653 	 -0.308519 	 -0.190068 	 6.316370 	 5.784176 	 2.434727 

 96.991981 	 0.260947 	 -0.292682 	 -0.183402 	 5.968661 	 6.174173 	 2.679108 

 97.991899 	 0.277289 	 -0.275778 	 -0.176067 	 5.588730 	 6.552032 	 2.920348 

 98.991816 	 0.292591 	 -0.257838 	 -0.168071 	 5.175754 	 6.915956 	 3.157569 

 99.991733 	 0.306762 	 -0.238902 	 -0.159425 	 4.728935 	 7.263932 	 3.389783 

 100.991650 	 0.319710 	 -0.219014 	 -0.150144 	 4.247522 	 7.593718 	 3.615866 

 101.991567 	 0.331340 	 -0.198222 	 -0.140244 	 3.730850 	 7.902813 	 3.834554 

 102.991485 	 0.341555 	 -0.176584 	 -0.129745 	 3.178378 	 8.188442 	 4.044419 

 103.991402 	 0.350257 	 -0.154164 	 -0.118671 	 2.589741 	 8.447527 	 4.243855 

 104.991319 	 0.357348 	 -0.131035 	 -0.107051 	 1.964812 	 8.676680 	 4.431066 

 105.991236 	 0.362728 	 -0.107278 	 -0.094919 	 1.303778 	 8.872183 	 4.604047 

 106.991154 	 0.366298 	 -0.082986 	 -0.082313 	 0.607221 	 9.029991 	 4.760575 

 107.991071 	 0.367960 	 -0.058262 	 -0.069279 	 -0.123773 	 9.145734 	 4.898205 

 108.990988 	 0.367621 	 -0.033221 	 -0.055868 	 -0.887501 	 9.214750 	 5.014269 

 109.990905 	 0.365191 	 -0.007991 	 -0.042138 	 -1.681516 	 9.232124 	 5.105888 

 110.990822 	 0.360587 	 0.017287 	 -0.028159 	 -2.502482 	 9.192767 	 5.169998 

 111.990740 	 0.353736 	 0.042457 	 -0.014003 	 -3.346036 	 9.091520 	 5.203391 

 112.990657 	 0.344574 	 0.067349 	 0.000244 	 -4.206641 	 8.923310 	 5.202783 

 113.990574 	 0.333056 	 0.091781 	 0.014489 	 -5.077466 	 8.683335 	 5.164899 

 114.990491 	 0.319154 	 0.115556 	 0.028630 	 -5.950287 	 8.367312 	 5.086600 

 115.990409 	 0.302862 	 0.138466 	 0.042558 	 -6.815450 	 7.971768 	 4.965029 

 116.990326 	 0.284202 	 0.160292 	 0.056152 	 -7.661900 	 7.494362 	 4.797790 

 117.990243 	 0.263223 	 0.180812 	 0.069288 	 -8.477318 	 6.934239 	 4.583148 

 118.990160 	 0.240012 	 0.199798 	 0.081837 	 -9.248372 	 6.292377 	 4.320242 

 119.990077 	 0.214690 	 0.217027 	 0.093666 	 -9.961101 	 5.571892 	 4.009291 

 120.989995 	 0.187417 	 0.232282 	 0.104643 	 -10.601431 	 4.778274 	 3.651766 

 121.989912 	 0.158390 	 0.245365 	 0.114642 	 -11.155804 	 3.919484 	 3.250515 

 122.989829 	 0.127846 	 0.256097 	 0.123542 	 -11.611871 	 3.005902 	 2.809801 

 123.989746 	 0.096052 	 0.264327 	 0.131235 	 -11.959203 	 2.050079 	 2.335248 

 124.989664 	 0.063308 	 0.269940 	 0.137629 	 -12.189923 	 1.066305 	 1.833672 

 125.989581 	 0.029932 	 0.272860 	 0.142649 	 -12.299213 	 0.070019 	 1.312819 

 126.989498 	 -0.003743 	 0.273051 	 0.146244 	 -12.285601 	 -0.922900 	 0.781021 

 127.989415 	 -0.037381 	 0.270524 	 0.148382 	 -12.151017 	 -1.896872 	 0.246799 

 128.989332 	 -0.070651 	 0.265331 	 0.149058 	 -11.900599 	 -2.837327 	 -0.281531 

 129.989250 	 -0.103235 	 0.257562 	 0.148287 	 -11.542283 	 -3.731297 	 -0.796219 

 130.989167 	 -0.134837 	 0.247346 	 0.146107 	 -11.086241 	 -4.567861 	 -1.290377 

 131.989084 	 -0.165191 	 0.234839 	 0.142574 	 -10.544224 	 -5.338402 	 -1.758183 

 132.989001 	 -0.194062 	 0.220223 	 0.137760 	 -9.928895 	 -6.036682 	 -2.194992 

 133.988919 	 -0.221247 	 0.203694 	 0.131750 	 -9.253210 	 -6.658762 	 -2.597356 

 134.988836 	 -0.246582 	 0.185462 	 0.124639 	 -8.529884 	 -7.202798 	 -2.962972 

 135.988753 	 -0.269937 	 0.165741 	 0.116526 	 -7.770979 	 -7.668766 	 -3.290575 

 136.988670 	 -0.291214 	 0.144744 	 0.107516 	 -6.987606 	 -8.058131 	 -3.579797 

 137.988587 	 -0.310346 	 0.122681 	 0.097715 	 -6.189745 	 -8.373529 	 -3.831010 

 138.988505 	 -0.327293 	 0.099754 	 0.087226 	 -5.386156 	 -8.618451 	 -4.045171 

 139.988422 	 -0.342041 	 0.076157 	 0.076150 	 -4.584372 	 -8.796971 	 -4.223676 

 140.988339 	 -0.354593 	 0.052071 	 0.064586 	 -3.790747 	 -8.913513 	 -4.368227 

 141.988256 	 -0.364972 	 0.027666 	 0.052625 	 -3.010535 	 -8.972654 	 -4.480726 

 142.988173 	 -0.373215 	 0.003098 	 0.040357 	 -2.248002 	 -8.978985 	 -4.563182 

 143.988091 	 -0.379370 	 -0.021486 	 0.027863 	 -1.506542 	 -8.936992 	 -4.617639 

 144.988008 	 -0.383495 	 -0.045955 	 0.015220 	 -0.788788 	 -8.850981 	 -4.646125 

 145.987925 	 -0.385654 	 -0.070189 	 0.002499 	 -0.096732 	 -8.725026 	 -4.650609 

 146.987842 	 -0.385919 	 -0.094079 	 -0.010234 	 0.568176 	 -8.562936 	 -4.632976 

 147.987760 	 -0.384364 	 -0.117524 	 -0.022919 	 1.204929 	 -8.368241 	 -4.595007 

 148.987677 	 -0.381064 	 -0.140436 	 -0.035501 	 1.812887 	 -8.144186 	 -4.538369 

 149.987594 	 -0.376101 	 -0.162735 	 -0.047927 	 2.391700 	 -7.893740 	 -4.464610 

 150.987511 	 -0.369552 	 -0.184348 	 -0.060151 	 2.941246 	 -7.619604 	 -4.375162 

 151.987428 	 -0.361499 	 -0.205210 	 -0.072130 	 3.461585 	 -7.324225 	 -4.271339 

 152.987346 	 -0.352021 	 -0.225264 	 -0.083825 	 3.952908 	 -7.009820 	 -4.154343 

 153.987263 	 -0.341198 	 -0.244457 	 -0.095199 	 4.415506 	 -6.678384 	 -4.025271 

 154.987180 	 -0.329109 	 -0.262742 	 -0.106221 	 4.849736 	 -6.331718 	 -3.885122 

 155.987097 	 -0.315830 	 -0.280079 	 -0.116858 	 5.256000 	 -5.971442 	 -3.734803 

 156.987015 	 -0.301439 	 -0.296429 	 -0.127084 	 5.634724 	 -5.599014 	 -3.575137 

 157.986932 	 -0.286011 	 -0.311759 	 -0.136873 	 5.986339 	 -5.215746 	 -3.406869 

 158.986849 	 -0.269621 	 -0.326039 	 -0.146201 	 6.311271 	 -4.822821 	 -3.230676 

 159.986766 	 -0.252340 	 -0.339244 	 -0.155046 	 6.609928 	 -4.421309 	 -3.047171 

 160.986683 	 -0.234242 	 -0.351350 	 -0.163390 	 6.882693 	 -4.012178 	 -2.856911 

 161.986601 	 -0.215398 	 -0.362335 	 -0.171212 	 7.129917 	 -3.596306 	 -2.660402 

 162.986518 	 -0.195876 	 -0.372182 	 -0.178496 	 7.351911 	 -3.174496 	 -2.458105 

 163.986435 	 -0.175746 	 -0.380874 	 -0.185226 	 7.548946 	 -2.747486 	 -2.250441 

 164.986352 	 -0.155077 	 -0.388396 	 -0.191388 	 7.721246 	 -2.315956 	 -2.037799 

 165.986270 	 -0.133937 	 -0.394737 	 -0.196967 	 7.868984 	 -1.880543 	 -1.820535 

 166.986187 	 -0.112391 	 -0.399886 	 -0.201952 	 7.992284 	 -1.441845 	 -1.598982 

 167.986104 	 -0.090508 	 -0.403834 	 -0.206330 	 8.091214 	 -1.000432 	 -1.373452 

 168.986021 	 -0.068355 	 -0.406573 	 -0.210091 	 8.165790 	 -0.556854 	 -1.144240 

 169.985938 	 -0.045997 	 -0.408098 	 -0.213223 	 8.215969 	 -0.111649 	 -0.911628 

 170.985856 	 -0.023501 	 -0.408404 	 -0.215720 	 8.241651 	 0.334649 	 -0.675893 

 171.985773 	 -0.000936 	 -0.407487 	 -0.217570 	 8.242678 	 0.781504 	 -0.437303 

 172.985690 	 0.021633 	 -0.405347 	 -0.218767 	 8.218829 	 1.228365 	 -0.196131 

 173.985607 	 0.044136 	 -0.401984 	 -0.219304 	 8.169828 	 1.674662 	 0.047349 

 174.985525 	 0.066505 	 -0.397399 	 -0.219175 	 8.095334 	 2.119799 	 0.292852 

 175.985442 	 0.088670 	 -0.391595 	 -0.218373 	 7.994948 	 2.563138 	 0.540080 

 176.985359 	 0.110560 	 -0.384577 	 -0.216894 	 7.868208 	 3.003995 	 0.788716 

 177.985276 	 0.132103 	 -0.376352 	 -0.214735 	 7.714595 	 3.441630 	 1.038416 

 178.985193 	 0.153226 	 -0.366929 	 -0.211892 	 7.533528 	 3.875230 	 1.288808 

 179.985111 	 0.173853 	 -0.356319 	 -0.208363 	 7.324372 	 4.303903 	 1.539482 

 180.985028 	 0.193907 	 -0.344535 	 -0.204148 	 7.086440 	 4.726663 	 1.789980 

 181.984945 	 0.213309 	 -0.331593 	 -0.199247 	 6.818994 	 5.142413 	 2.039795 

 182.984873 	 0.231980 	 -0.317513 	 -0.193662 	 6.521254 	 5.549932 	 2.288355 

 183.984790 	 0.249835 	 -0.302317 	 -0.187396 	 6.192407 	 5.947859 	 2.535016 

 184.984708 	 0.266790 	 -0.286032 	 -0.180455 	 5.831619 	 6.334669 	 2.779051 

 185.984625 	 0.282757 	 -0.268688 	 -0.172846 	 5.438045 	 6.708660 	 3.019639 

 186.984542 	 0.297646 	 -0.250319 	 -0.164579 	 5.010853 	 7.067927 	 3.255848 

 187.984459 	 0.311366 	 -0.230967 	 -0.155664 	 4.549244 	 7.410343 	 3.486625 

 188.984377 	 0.323822 	 -0.210678 	 -0.146118 	 4.052485 	 7.733534 	 3.710777 

 189.984294 	 0.334917 	 -0.189503 	 -0.135958 	 3.519945 	 8.034857 	 3.926958 

 190.984211 	 0.344555 	 -0.167504 	 -0.125206 	 2.951140 	 8.311379 	 4.133653 

 191.984128 	 0.352635 	 -0.144748 	 -0.113888 	 2.345791 	 8.559859 	 4.329157 

 192.984045 	 0.359058 	 -0.121311 	 -0.102034 	 1.703894 	 8.776729 	 4.511566 

 193.983963 	 0.363723 	 -0.097280 	 -0.089682 	 1.025795 	 8.958091 	 4.678762 

 194.983880 	 0.366532 	 -0.072753 	 -0.076871 	 0.312290 	 9.099714 	 4.828403 

 195.983797 	 0.367387 	 -0.047838 	 -0.063651 	 -0.435265 	 9.197054 	 4.957920 

 196.983714 	 0.366195 	 -0.022656 	 -0.050076 	 -1.214836 	 9.245285 	 5.064524 

 197.983632 	 0.362869 	 0.002657 	 -0.036210 	 -2.023568 	 9.239362 	 5.145225 

 198.983549 	 0.357328 	 0.027955 	 -0.022122 	 -2.857645 	 9.174110 	 5.196862 

 199.983466 	 0.349504 	 0.053074 	 -0.007893 	 -3.712146 	 9.044351 	 5.216160 

 200.983383 	 0.339340 	 0.077837 	 0.006389 	 -4.580905 	 8.845077 	 5.199804 

 201.983300 	 0.326798 	 0.102055 	 0.020626 	 -5.456401 	 8.571671 	 5.144547 

 202.983218 	 0.311858 	 0.125524 	 0.034712 	 -6.329685 	 8.220170 	 5.047345 

 203.983135 	 0.294527 	 0.148031 	 0.048531 	 -7.190377 	 7.787583 	 4.905523 

 204.983052 	 0.274840 	 0.169353 	 0.061963 	 -8.026738 	 7.272227 	 4.716966 

 205.982969 	 0.252863 	 0.189265 	 0.074878 	 -8.825870 	 6.674087 	 4.480327 

 206.982887 	 0.228698 	 0.207538 	 0.087145 	 -9.574031 	 5.995147 	 4.195242 

 207.982804 	 0.202484 	 0.223953 	 0.098631 	 -10.257090 	 5.239666 	 3.862519 

 208.982721 	 0.174400 	 0.238299 	 0.109207 	 -10.861101 	 4.414349 	 3.484296 

 209.982638 	 0.144662 	 0.250386 	 0.118747 	 -11.372979 	 3.528376 	 3.064118 

 210.982555 	 0.113523 	 0.260046 	 0.127137 	 -11.781209 	 2.593249 	 2.606935 

 211.982473 	 0.081266 	 0.267147 	 0.134274 	 -12.076526 	 1.622453 	 2.118989 

 212.982390 	 0.048201 	 0.271589 	 0.140076 	 -12.252499 	 0.630931 	 1.607597 

 213.982307 	 0.014653 	 0.273316 	 0.144478 	 -12.305924 	 -0.365565 	 1.080840 

 214.982224 	 -0.019040 	 0.272316 	 0.147437 	 -12.237008 	 -1.351219 	 0.547187 

 215.982142 	 -0.052545 	 0.268616 	 0.148935 	 -12.049286 	 -2.310873 	 0.015103 

 216.982059 	 -0.085536 	 0.262289 	 0.148977 	 -11.749319 	 -3.230696 	 -0.507344 

 217.981976 	 -0.117706 	 0.253443 	 0.147587 	 -11.346196 	 -4.098697 	 -1.012807 

 218.981893 	 -0.148772 	 0.242221 	 0.144814 	 -10.850916 	 -4.905082 	 -1.494913 

 219.981810 	 -0.178481 	 0.228791 	 0.140721 	 -10.275720 	 -5.642410 	 -1.948419 

 220.981728 	 -0.206616 	 0.213342 	 0.135387 	 -9.633444 	 -6.305593 	 -2.369274 

 221.981645 	 -0.232993 	 0.196077 	 0.128899 	 -8.936936 	 -6.891745 	 -2.754606 

 222.981562 	 -0.257462 	 0.177207 	 0.121357 	 -8.198591 	 -7.399938 	 -3.102633 

 223.981479 	 -0.279910 	 0.156946 	 0.112862 	 -7.429990 	 -7.830896 	 -3.412540 

 224.981397 	 -0.300253 	 0.135505 	 0.103519 	 -6.641668 	 -8.186669 	 -3.684331 

 225.981314 	 -0.318438 	 0.113090 	 0.093431 	 -5.842983 	 -8.470315 	 -3.918669 

 226.981231 	 -0.334436 	 0.089899 	 0.082702 	 -5.042065 	 -8.685607 	 -4.116726 

 227.981148 	 -0.348241 	 0.066117 	 0.071430 	 -4.245847 	 -8.836778 	 -4.280044 

 228.981065 	 -0.359866 	 0.041922 	 0.059711 	 -3.460123 	 -8.928310 	 -4.410417 

 229.980983 	 -0.369340 	 0.017477 	 0.047636 	 -2.689646 	 -8.964768 	 -4.509789 

 230.980900 	 -0.376704 	 -0.007069 	 0.035288 	 -1.938243 	 -8.950668 	 -4.580177 

 231.980817 	 -0.382011 	 -0.031576 	 0.022747 	 -1.208928 	 -8.890385 	 -4.623605 

 232.980734 	 -0.385321 	 -0.055918 	 0.010088 	 -0.504019 	 -8.788089 	 -4.642060 

 233.980651 	 -0.386701 	 -0.079979 	 -0.002622 	 0.174757 	 -8.647701 	 -4.637458 

 234.980569 	 -0.386223 	 -0.103657 	 -0.015319 	 0.826161 	 -8.472873 	 -4.611620 

 235.980486 	 -0.383961 	 -0.126856 	 -0.027946 	 1.449360 	 -8.266977 	 -4.566262 

 236.980403 	 -0.379992 	 -0.149491 	 -0.040448 	 2.043845 	 -8.033104 	 -4.502982 

 237.980320 	 -0.374396 	 -0.171485 	 -0.052778 	 2.609368 	 -7.774077 	 -4.423262 

 238.980238 	 -0.367252 	 -0.192771 	 -0.064888 	 3.145883 	 -7.492460 	 -4.328467 

 239.980155 	 -0.358639 	 -0.213285 	 -0.076740 	 3.653501 	 -7.190576 	 -4.219849 

 240.980072 	 -0.348635 	 -0.232973 	 -0.088294 	 4.132450 	 -6.870522 	 -4.098553 

 241.979989 	 -0.337321 	 -0.251784 	 -0.099516 	 4.583040 	 -6.534190 	 -3.965621 

 242.979906 	 -0.324772 	 -0.269675 	 -0.110373 	 5.005638 	 -6.183286 	 -3.822001 

 243.979824 	 -0.311067 	 -0.286605 	 -0.120838 	 5.400643 	 -5.819344 	 -3.668556 

 244.979741 	 -0.296280 	 -0.302538 	 -0.130883 	 5.768472 	 -5.443745 	 -3.506067 

 245.979658 	 -0.280486 	 -0.317443 	 -0.140482 	 6.109542 	 -5.057736 	 -3.335241 

 246.979575 	 -0.263758 	 -0.331291 	 -0.149614 	 6.424258 	 -4.662439 	 -3.156721 

 247.979493 	 -0.246168 	 -0.344057 	 -0.158257 	 6.713006 	 -4.258871 	 -2.971090 

 248.979410 	 -0.227788 	 -0.355718 	 -0.166392 	 6.976141 	 -3.847954 	 -2.778878 

 249.979327 	 -0.208687 	 -0.366253 	 -0.174001 	 7.213986 	 -3.430528 	 -2.580566 

 250.979244 	 -0.188935 	 -0.375646 	 -0.181066 	 7.426823 	 -3.007361 	 -2.376595 

 251.979161 	 -0.168601 	 -0.383880 	 -0.187573 	 7.614888 	 -2.579163 	 -2.167367 

 252.979079 	 -0.147751 	 -0.390942 	 -0.193508 	 7.778373 	 -2.146589 	 -1.953252 

 253.978996 	 -0.126454 	 -0.396819 	 -0.198856 	 7.917419 	 -1.710257 	 -1.734596 

 254.978913 	 -0.104776 	 -0.401502 	 -0.203605 	 8.032113 	 -1.270749 	 -1.511718 

 255.978830 	 -0.082784 	 -0.404981 	 -0.207744 	 8.122490 	 -0.828625 	 -1.284921 

 256.978748 	 -0.060545 	 -0.407250 	 -0.211262 	 8.188528 	 -0.384427 	 -1.054492 

 257.978665 	 -0.038125 	 -0.408303 	 -0.214149 	 8.230148 	 0.061312 	 -0.820708 

 258.978582 	 -0.015591 	 -0.408135 	 -0.216396 	 8.247213 	 0.508056 	 -0.583841 

 259.978499 	 0.006990 	 -0.406744 	 -0.217995 	 8.239528 	 0.955265 	 -0.344158 

 260.978416 	 0.029550 	 -0.404128 	 -0.218937 	 8.206834 	 1.402381 	 -0.101932 

 261.978334 	 0.052020 	 -0.400289 	 -0.219216 	 8.148816 	 1.848823 	 0.142559 

 262.978251 	 0.074332 	 -0.395227 	 -0.218826 	 8.065094 	 2.293975 	 0.389028 

 263.978168 	 0.096414 	 -0.388946 	 -0.217761 	 7.955230 	 2.737181 	 0.637168 

 264.978085 	 0.118196 	 -0.381451 	 -0.216016 	 7.818722 	 3.177730 	 0.886651 

 265.978003 	 0.139603 	 -0.372751 	 -0.213589 	 7.655012 	 3.614849 	 1.137123 

 266.977920 	 0.160563 	 -0.362853 	 -0.210475 	 7.463480 	 4.047689 	 1.388195 

 267.977837 	 0.180998 	 -0.351771 	 -0.206674 	 7.243452 	 4.475315 	 1.639436 

 268.977754 	 0.200830 	 -0.339517 	 -0.202186 	 6.994204 	 4.896686 	 1.890366 

 269.977671 	 0.219980 	 -0.326110 	 -0.197010 	 6.714962 	 5.310649 	 2.140449 

 270.977589 	 0.238366 	 -0.311569 	 -0.191149 	 6.404914 	 5.715913 	 2.389081 

 271.977506 	 0.255903 	 -0.295919 	 -0.184608 	 6.063220 	 6.111040 	 2.635579 

 272.977423 	 0.272504 	 -0.279187 	 -0.177392 	 5.689022 	 6.494416 	 2.879171 

 273.977340 	 0.288080 	 -0.261406 	 -0.169508 	 5.281459 	 6.864241 	 3.118984 

 274.977258 	 0.302541 	 -0.242611 	 -0.160969 	 4.839694 	 7.218498 	 3.354027 

 275.977175 	 0.315792 	 -0.222847 	 -0.151785 	 4.362937 	 7.554934 	 3.583181 

 276.977092 	 0.327738 	 -0.202162 	 -0.141975 	 3.850478 	 7.871039 	 3.805176 

 277.977009 	 0.338280 	 -0.180611 	 -0.131556 	 3.301731 	 8.164020 	 4.018582 

 278.976926 	 0.347320 	 -0.158258 	 -0.120553 	 2.716282 	 8.430782 	 4.221788 

 279.976844 	 0.354758 	 -0.135174 	 -0.108994 	 2.093955 	 8.667908 	 4.412989 

 280.976761 	 0.360491 	 -0.111441 	 -0.096911 	 1.434885 	 8.871652 	 4.590167 

 281.976678 	 0.364420 	 -0.087151 	 -0.084343 	 0.739605 	 9.037928 	 4.751087 

 282.976595 	 0.366445 	 -0.062405 	 -0.071335 	 0.009151 	 9.162323 	 4.893282 

 283.976513 	 0.366470 	 -0.037319 	 -0.057937 	 -0.754822 	 9.240121 	 5.014062 

 284.976430 	 0.364403 	 -0.012019 	 -0.044208 	 -1.549906 	 9.266345 	 5.110520 

 285.976347 	 0.360159 	 0.013352 	 -0.030216 	 -2.372805 	 9.235838 	 5.179558 

 286.976264 	 0.353663 	 0.038640 	 -0.016034 	 -3.219180 	 9.143366 	 5.217931 

 287.976181 	 0.344848 	 0.063674 	 -0.001748 	 -4.083512 	 8.983771 	 5.222311 

 288.976099 	 0.333668 	 0.088272 	 0.012551 	 -4.958972 	 8.752168 	 5.189380 

 289.976016 	 0.320090 	 0.112235 	 0.026760 	 -5.837323 	 8.444186 	 5.115949 

 290.975933 	 0.304108 	 0.135356 	 0.040767 	 -6.708883 	 8.056262 	 4.999112 

 291.975850 	 0.285739 	 0.157414 	 0.054455 	 -7.562554 	 7.585974 	 4.836424 

 292.975768 	 0.265032 	 0.178184 	 0.067697 	 -8.385955 	 7.032392 	 4.626104 

 293.975685 	 0.242072 	 0.197439 	 0.080363 	 -9.165683 	 6.396430 	 4.367249 

 294.975602 	 0.216976 	 0.214952 	 0.092321 	 -9.887695 	 5.681152 	 4.060042 

 295.975519 	 0.189903 	 0.230507 	 0.103437 	 -10.537830 	 4.892011 	 3.705925 

 296.975436 	 0.161051 	 0.243901 	 0.113584 	 -11.102441 	 4.036942 	 3.307724 

 297.975354 	 0.130652 	 0.254955 	 0.122640 	 -11.569098 	 3.126310 	 2.869684 

 298.975271 	 0.098976 	 0.263514 	 0.130498 	 -11.927290 	 2.172658 	 2.397417 

 299.975188 	 0.066319 	 0.269463 	 0.137062 	 -12.169070 	 1.190274 	 1.897730 

 300.975105 	 0.033000 	 0.272722 	 0.142258 	 -12.289551 	 0.194592 	 1.378361 

 301.975023 	 -0.000648 	 0.273255 	 0.146032 	 -12.287195 	 -0.798514 	 0.847630 

 302.974940 	 -0.034291 	 0.271069 	 0.148352 	 -12.163861 	 -1.773471 	 0.314048 

 303.974857 	 -0.067595 	 0.266213 	 0.149212 	 -11.924612 	 -2.715712 	 -0.214078 

 304.974774 	 -0.100245 	 0.258777 	 0.148626 	 -11.577302 	 -3.612272 	 -0.729009 

 305.974691 	 -0.131944 	 0.248887 	 0.146630 	 -11.132015 	 -4.452224 	 -1.223861 

 306.974609 	 -0.162423 	 0.236697 	 0.143279 	 -10.600405 	 -5.226931 	 -1.692813 

 307.974526 	 -0.191447 	 0.222385 	 0.138644 	 -9.995040 	 -5.930124 	 -2.131213 

 308.974443 	 -0.218813 	 0.206149 	 0.132809 	 -9.328782 	 -6.557819 	 -2.535598 

 309.974360 	 -0.244356 	 0.188193 	 0.125867 	 -8.614263 	 -7.108114 	 -2.903644 

 310.974278 	 -0.267942 	 0.168731 	 0.117916 	 -7.863468 	 -7.580914 	 -3.234056 

 311.974195 	 -0.289472 	 0.147975 	 0.109062 	 -7.087449 	 -7.977606 	 -3.526430 

 312.974112 	 -0.308877 	 0.126132 	 0.099406 	 -6.296139 	 -8.300743 	 -3.781097 

 313.974029 	 -0.326116 	 0.103405 	 0.089054 	 -5.498268 	 -8.553731 	 -3.998974 

 314.973946 	 -0.341170 	 0.079985 	 0.078104 	 -4.701356 	 -8.740561 	 -4.181412 

 315.973864 	 -0.354043 	 0.056053 	 0.066656 	 -3.911752 	 -8.865573 	 -4.330071 

 316.973781 	 -0.364753 	 0.031779 	 0.054800 	 -3.134723 	 -8.933271 	 -4.446811 

 317.973698 	 -0.373336 	 0.007320 	 0.042625 	 -2.374555 	 -8.948175 	 -4.533601 

 318.973615 	 -0.379837 	 -0.017180 	 0.030212 	 -1.634665 	 -8.914709 	 -4.592450 

 319.973533 	 -0.384313 	 -0.041589 	 0.017637 	 -0.917724 	 -8.837124 	 -4.625353 

 320.973450 	 -0.386826 	 -0.065785 	 0.004973 	 -0.225759 	 -8.719446 	 -4.634249 

 321.973367 	 -0.387444 	 -0.089659 	 -0.007715 	 0.439740 	 -8.565443 	 -4.620996 

 322.973284 	 -0.386240 	 -0.113111 	 -0.020368 	 1.077725 	 -8.378608 	 -4.587353 

 323.973201 	 -0.383289 	 -0.136052 	 -0.032928 	 1.687514 	 -8.162158 	 -4.534967 

 324.973119 	 -0.378669 	 -0.158400 	 -0.045345 	 2.268715 	 -7.919038 	 -4.465370 

 325.973036 	 -0.372457 	 -0.180082 	 -0.057571 	 2.821168 	 -7.651928 	 -4.379977 

 326.972953 	 -0.364733 	 -0.201033 	 -0.069563 	 3.344892 	 -7.363262 	 -4.280091 

 327.972870 	 -0.355574 	 -0.221194 	 -0.081282 	 3.840042 	 -7.055242 	 -4.166902 

 328.972787 	 -0.345060 	 -0.240511 	 -0.092691 	 4.306873 	 -6.729856 	 -4.041501 

 329.972705 	 -0.333268 	 -0.258937 	 -0.103757 	 4.745710 	 -6.388896 	 -3.904877 

 330.972622 	 -0.320274 	 -0.276430 	 -0.114448 	 5.156922 	 -6.033977 	 -3.757933 

 331.972539 	 -0.306155 	 -0.292951 	 -0.124737 	 5.540907 	 -5.666552 	 -3.601485 

 332.972456 	 -0.290984 	 -0.308466 	 -0.134598 	 5.898067 	 -5.287934 	 -3.436276 

 333.972374 	 -0.274835 	 -0.322944 	 -0.144007 	 6.228803 	 -4.899302 	 -3.262978 

 334.972291 	 -0.257780 	 -0.336359 	 -0.152941 	 6.533500 	 -4.501726 	 -3.082202 

 335.972208 	 -0.239891 	 -0.348684 	 -0.161380 	 6.812516 	 -4.096173 	 -2.894501 

 336.972125 	 -0.221239 	 -0.359900 	 -0.169305 	 7.066183 	 -3.683522 	 -2.700381 

 337.972042 	 -0.201892 	 -0.369985 	 -0.176699 	 7.294791 	 -3.264575 	 -2.500299 

 338.971960 	 -0.181918 	 -0.378924 	 -0.183545 	 7.498592 	 -2.840072 	 -2.294676 

 339.971877 	 -0.161387 	 -0.386700 	 -0.189827 	 7.677792 	 -2.410692 	 -2.083898 

 340.971794 	 -0.140366 	 -0.393300 	 -0.195533 	 7.832547 	 -1.977072 	 -1.868319 

 341.971711 	 -0.118920 	 -0.398713 	 -0.200649 	 7.962965 	 -1.539811 	 -1.648272 

 342.971629 	 -0.097117 	 -0.402929 	 -0.205161 	 8.069097 	 -1.099477 	 -1.424065 

 343.971546 	 -0.075024 	 -0.405940 	 -0.209061 	 8.150944 	 -0.656621 	 -1.195993 

 344.971463 	 -0.052707 	 -0.407738 	 -0.212335 	 8.208448 	 -0.211779 	 -0.964335 

 345.971380 	 -0.030232 	 -0.408317 	 -0.214976 	 8.241492 	 0.234516 	 -0.729364 

 346.971297 	 -0.007667 	 -0.407675 	 -0.216973 	 8.249902 	 0.681729 	 -0.491349 

 347.971215 	 0.014921 	 -0.405809 	 -0.218318 	 8.233445 	 1.129312 	 -0.250557 

 348.971132 	 0.037464 	 -0.402717 	 -0.219004 	 8.191825 	 1.576698 	 -0.007261 

 349.971049 	 0.059894 	 -0.398400 	 -0.219024 	 8.124686 	 2.023292 	 0.238257 

 350.970966 	 0.082139 	 -0.392860 	 -0.218371 	 8.031611 	 2.468459 	 0.485704 

 351.970884 	 0.104130 	 -0.386101 	 -0.217042 	 7.912120 	 2.911519 	 0.734764 

 352.970801 	 0.125793 	 -0.378130 	 -0.215030 	 7.765673 	 3.351734 	 0.985099 

 353.970718 	 0.147055 	 -0.368952 	 -0.212333 	 7.591670 	 3.788295 	 1.236341 

 354.970635 	 0.167841 	 -0.358580 	 -0.208947 	 7.389455 	 4.220313 	 1.488081 

 355.970552 	 0.188074 	 -0.347025 	 -0.204873 	 7.158314 	 4.646804 	 1.739869 

 356.970470 	 0.207673 	 -0.334302 	 -0.200109 	 6.897484 	 5.066674 	 1.991198 

 357.970387 	 0.226558 	 -0.320429 	 -0.194657 	 6.606160 	 5.478704 	 2.241502 

 358.970304 	 0.244646 	 -0.305429 	 -0.188520 	 6.283497 	 5.881533 	 2.490141 

 359.970221 	 0.261850 	 -0.289325 	 -0.181702 	 5.928629 	 6.273636 	 2.736390 

 360.970139 	 0.278083 	 -0.272148 	 -0.174210 	 5.540676 	 6.653308 	 2.979429 

 361.970056 	 0.293253 	 -0.253931 	 -0.166052 	 5.118770 	 7.018641 	 3.218330 

 362.969973 	 0.307268 	 -0.234714 	 -0.157241 	 4.662071 	 7.367501 	 3.452040 

 363.969890 	 0.320033 	 -0.214542 	 -0.147789 	 4.169804 	 7.697504 	 3.679365 

 364.969807 	 0.331450 	 -0.193466 	 -0.137715 	 3.641293 	 8.005994 	 3.898957 

 365.969746 	 0.341420 	 -0.171546 	 -0.127039 	 3.076006 	 8.290021 	 4.109295 
