
 0.000000 	 0.085507 	 -0.656921 	 -0.300961 	 7.279048 	 0.934318 	 -0.040302 

 0.999918 	 0.105437 	 -0.654362 	 -0.301071 	 7.249506 	 1.117658 	 0.044052 

 1.999835 	 0.125286 	 -0.651302 	 -0.300951 	 7.214454 	 1.299877 	 0.128251 

 2.999753 	 0.145039 	 -0.647743 	 -0.300600 	 7.173934 	 1.480842 	 0.212232 

 3.999670 	 0.164682 	 -0.643689 	 -0.300018 	 7.127990 	 1.660421 	 0.295932 

 4.999588 	 0.184198 	 -0.639142 	 -0.299208 	 7.076673 	 1.838485 	 0.379291 

 5.999505 	 0.203574 	 -0.634109 	 -0.298170 	 7.020035 	 2.014905 	 0.462247 

 6.999423 	 0.222795 	 -0.628592 	 -0.296904 	 6.958132 	 2.189557 	 0.544741 

 7.999340 	 0.241846 	 -0.622597 	 -0.295413 	 6.891025 	 2.362315 	 0.626712 

 8.999258 	 0.260714 	 -0.616129 	 -0.293697 	 6.818775 	 2.533058 	 0.708102 

 9.999175 	 0.279384 	 -0.609193 	 -0.291758 	 6.741450 	 2.701666 	 0.788852 

 10.999092 	 0.297842 	 -0.601796 	 -0.289598 	 6.659118 	 2.868020 	 0.868906 

 11.999009 	 0.316074 	 -0.593944 	 -0.287219 	 6.571851 	 3.032005 	 0.948205 

 12.998927 	 0.334068 	 -0.585642 	 -0.284623 	 6.479725 	 3.193508 	 1.026696 

 13.998844 	 0.351809 	 -0.576898 	 -0.281812 	 6.382818 	 3.352416 	 1.104322 

 14.998761 	 0.369286 	 -0.567719 	 -0.278788 	 6.281211 	 3.508620 	 1.181029 

 15.998678 	 0.386484 	 -0.558113 	 -0.275554 	 6.174988 	 3.662015 	 1.256763 

 16.998595 	 0.403391 	 -0.548086 	 -0.272113 	 6.064236 	 3.812494 	 1.331473 

 17.998513 	 0.419995 	 -0.537647 	 -0.268468 	 5.949043 	 3.959956 	 1.405106 

 18.998430 	 0.436283 	 -0.526805 	 -0.264621 	 5.829500 	 4.104301 	 1.477613 

 19.998347 	 0.452244 	 -0.515567 	 -0.260575 	 5.705704 	 4.245432 	 1.548942 

 20.998264 	 0.467866 	 -0.503943 	 -0.256334 	 5.577748 	 4.383254 	 1.619046 

 21.998182 	 0.483138 	 -0.491942 	 -0.251901 	 5.445734 	 4.517674 	 1.687876 

 22.998099 	 0.498049 	 -0.479573 	 -0.247280 	 5.309761 	 4.648603 	 1.755387 

 23.998016 	 0.512587 	 -0.466845 	 -0.242473 	 5.169933 	 4.775953 	 1.821531 

 24.997933 	 0.526742 	 -0.453768 	 -0.237486 	 5.026355 	 4.899640 	 1.886264 

 25.997850 	 0.540504 	 -0.440353 	 -0.232321 	 4.879135 	 5.019581 	 1.949542 

 26.997768 	 0.553863 	 -0.426609 	 -0.226983 	 4.728382 	 5.135697 	 2.011324 

 27.997685 	 0.566810 	 -0.412548 	 -0.221476 	 4.574208 	 5.247912 	 2.071566 

 28.997602 	 0.579334 	 -0.398179 	 -0.215805 	 4.416726 	 5.356150 	 2.130229 

 29.997519 	 0.591427 	 -0.383514 	 -0.209972 	 4.256050 	 5.460341 	 2.187273 

 30.997437 	 0.603080 	 -0.368564 	 -0.203983 	 4.092298 	 5.560416 	 2.242660 

 31.997354 	 0.614285 	 -0.353339 	 -0.197843 	 3.925587 	 5.656309 	 2.296352 

 32.997271 	 0.625033 	 -0.337852 	 -0.191555 	 3.756039 	 5.747956 	 2.348314 

 33.997188 	 0.635317 	 -0.322114 	 -0.185126 	 3.583774 	 5.835296 	 2.398511 

 34.997105 	 0.645129 	 -0.306137 	 -0.178559 	 3.408915 	 5.918273 	 2.446908 

 35.997023 	 0.654463 	 -0.289933 	 -0.171859 	 3.231587 	 5.996831 	 2.493474 

 36.996940 	 0.663311 	 -0.273514 	 -0.165032 	 3.051915 	 6.070918 	 2.538176 

 37.996857 	 0.671667 	 -0.256892 	 -0.158082 	 2.870027 	 6.140484 	 2.580985 

 38.996774 	 0.679525 	 -0.240079 	 -0.151016 	 2.686051 	 6.205484 	 2.621871 

 39.996692 	 0.686880 	 -0.223088 	 -0.143837 	 2.500116 	 6.265873 	 2.660807 

 40.996609 	 0.693725 	 -0.205932 	 -0.136552 	 2.312353 	 6.321610 	 2.697766 

 41.996526 	 0.700056 	 -0.188624 	 -0.129165 	 2.122893 	 6.372658 	 2.732723 

 42.996443 	 0.705869 	 -0.171175 	 -0.121683 	 1.931869 	 6.418982 	 2.765653 

 43.996360 	 0.711158 	 -0.153600 	 -0.114111 	 1.739415 	 6.460550 	 2.796533 

 44.996278 	 0.715921 	 -0.135911 	 -0.106454 	 1.545665 	 6.497332 	 2.825343 

 45.996198 	 0.720153 	 -0.118122 	 -0.098718 	 1.350753 	 6.529301 	 2.852061 

 46.996115 	 0.723851 	 -0.100244 	 -0.090909 	 1.154817 	 6.556436 	 2.876669 

 47.996032 	 0.727013 	 -0.082293 	 -0.083033 	 0.957993 	 6.578715 	 2.899148 

 48.995949 	 0.729636 	 -0.064280 	 -0.075095 	 0.760418 	 6.596122 	 2.919483 

 49.995866 	 0.731718 	 -0.046220 	 -0.067101 	 0.562230 	 6.608640 	 2.937658 

 50.995784 	 0.733257 	 -0.028126 	 -0.059058 	 0.363567 	 6.616261 	 2.953658 

 51.995701 	 0.734253 	 -0.010010 	 -0.050971 	 0.164568 	 6.618974 	 2.967472 

 52.995618 	 0.734703 	 0.008112 	 -0.042846 	 -0.034626 	 6.616774 	 2.979089 

 53.995535 	 0.734609 	 0.026229 	 -0.034689 	 -0.233878 	 6.609660 	 2.988498 

 54.995453 	 0.733968 	 0.044326 	 -0.026507 	 -0.433047 	 6.597631 	 2.995691 

 55.995370 	 0.732783 	 0.062391 	 -0.018304 	 -0.631992 	 6.580693 	 3.000660 

 56.995287 	 0.731052 	 0.080409 	 -0.010089 	 -0.830574 	 6.558851 	 3.003401 

 57.995204 	 0.728778 	 0.098367 	 -0.001865 	 -1.028653 	 6.532115 	 3.003907 

 58.995121 	 0.725962 	 0.116252 	 0.006359 	 -1.226087 	 6.500499 	 3.002178 

 59.995039 	 0.722605 	 0.134050 	 0.014579 	 -1.422737 	 6.464018 	 2.998210 

 60.994956 	 0.718709 	 0.151749 	 0.022789 	 -1.618463 	 6.422693 	 2.992004 

 61.994873 	 0.714278 	 0.169334 	 0.030981 	 -1.813124 	 6.376545 	 2.983561 

 62.994790 	 0.709313 	 0.186793 	 0.039150 	 -2.006580 	 6.325599 	 2.972884 

 63.994708 	 0.703819 	 0.204112 	 0.047289 	 -2.198694 	 6.269885 	 2.959976 

 64.994625 	 0.697799 	 0.221279 	 0.055394 	 -2.389324 	 6.209434 	 2.944843 

 65.994542 	 0.691257 	 0.238281 	 0.063457 	 -2.578334 	 6.144281 	 2.927492 

 66.994459 	 0.684198 	 0.255104 	 0.071472 	 -2.765584 	 6.074465 	 2.907931 

 67.994376 	 0.676626 	 0.271736 	 0.079434 	 -2.950938 	 6.000026 	 2.886171 

 68.994294 	 0.668546 	 0.288164 	 0.087336 	 -3.134259 	 5.921009 	 2.862223 

 69.994211 	 0.659965 	 0.304375 	 0.095173 	 -3.315410 	 5.837462 	 2.836099 

 70.994128 	 0.650887 	 0.320358 	 0.102938 	 -3.494258 	 5.749436 	 2.807814 

 71.994045 	 0.641320 	 0.336100 	 0.110626 	 -3.670667 	 5.656983 	 2.777384 

 72.993963 	 0.631269 	 0.351589 	 0.118231 	 -3.844506 	 5.560163 	 2.744826 

 73.993880 	 0.620743 	 0.366813 	 0.125746 	 -4.015641 	 5.459035 	 2.710158 

 74.993797 	 0.609748 	 0.381760 	 0.133167 	 -4.183943 	 5.353662 	 2.673402 

 75.993714 	 0.598293 	 0.396418 	 0.140486 	 -4.349281 	 5.244112 	 2.634578 

 76.993631 	 0.586384 	 0.410776 	 0.147700 	 -4.511528 	 5.130454 	 2.593711 

 77.993549 	 0.574032 	 0.424824 	 0.154801 	 -4.670558 	 5.012761 	 2.550825 

 78.993466 	 0.561244 	 0.438549 	 0.161785 	 -4.826244 	 4.891110 	 2.505947 

 79.993383 	 0.548029 	 0.451940 	 0.168647 	 -4.978464 	 4.765579 	 2.459103 

 80.993300 	 0.534398 	 0.464989 	 0.175380 	 -5.127096 	 4.636252 	 2.410325 

 81.993218 	 0.520360 	 0.477683 	 0.181979 	 -5.272021 	 4.503214 	 2.359642 

 82.993135 	 0.505926 	 0.490012 	 0.188440 	 -5.413119 	 4.366553 	 2.307088 

 83.993052 	 0.491105 	 0.501968 	 0.194757 	 -5.550277 	 4.226361 	 2.252695 

 84.992969 	 0.475908 	 0.513540 	 0.200925 	 -5.683380 	 4.082734 	 2.196501 

 85.992886 	 0.460347 	 0.524718 	 0.206939 	 -5.812316 	 3.935768 	 2.138540 

 86.992804 	 0.444433 	 0.535495 	 0.212794 	 -5.936977 	 3.785564 	 2.078852 

 87.992721 	 0.428177 	 0.545859 	 0.218486 	 -6.057257 	 3.632227 	 2.017477 

 88.992638 	 0.411592 	 0.555804 	 0.224010 	 -6.173050 	 3.475862 	 1.954457 

 89.992555 	 0.394691 	 0.565321 	 0.229361 	 -6.284257 	 3.316580 	 1.889833 

 90.992473 	 0.377484 	 0.574402 	 0.234535 	 -6.390777 	 3.154492 	 1.823650 

 91.992395 	 0.359986 	 0.583039 	 0.239529 	 -6.492516 	 2.989713 	 1.755955 

 92.992312 	 0.342210 	 0.591225 	 0.244336 	 -6.589382 	 2.822362 	 1.686794 

 93.992230 	 0.324168 	 0.598953 	 0.248955 	 -6.681283 	 2.652560 	 1.616215 

 94.992147 	 0.305875 	 0.606215 	 0.253380 	 -6.768135 	 2.480428 	 1.544269 

 95.992064 	 0.287344 	 0.613007 	 0.257608 	 -6.849854 	 2.306093 	 1.471007 

 96.991981 	 0.268589 	 0.619321 	 0.261636 	 -6.926360 	 2.129682 	 1.396481 

 97.991899 	 0.249624 	 0.625152 	 0.265459 	 -6.997577 	 1.951328 	 1.320746 

 98.991816 	 0.230465 	 0.630495 	 0.269076 	 -7.063433 	 1.771162 	 1.243857 

 99.991733 	 0.211125 	 0.635344 	 0.272481 	 -7.123860 	 1.589319 	 1.165870 

 100.991650 	 0.191620 	 0.639696 	 0.275673 	 -7.178791 	 1.405938 	 1.086843 

 101.991567 	 0.171965 	 0.643545 	 0.278649 	 -7.228167 	 1.221158 	 1.006834 

 102.991485 	 0.152174 	 0.646889 	 0.281406 	 -7.271931 	 1.035119 	 0.925905 

 103.991402 	 0.132263 	 0.649723 	 0.283941 	 -7.310029 	 0.847967 	 0.844116 

 104.991319 	 0.112249 	 0.652044 	 0.286252 	 -7.342414 	 0.659845 	 0.761529 

 105.991236 	 0.092145 	 0.653851 	 0.288337 	 -7.369041 	 0.470902 	 0.678208 

 106.991154 	 0.071969 	 0.655140 	 0.290194 	 -7.389871 	 0.281284 	 0.594217 

 107.991071 	 0.051735 	 0.655911 	 0.291821 	 -7.404869 	 0.091144 	 0.509622 

 108.990988 	 0.031461 	 0.656160 	 0.293217 	 -7.414003 	 -0.099368 	 0.424488 

 109.990905 	 0.011161 	 0.655888 	 0.294379 	 -7.417249 	 -0.290099 	 0.338884 

 110.990822 	 -0.009147 	 0.655094 	 0.295307 	 -7.414585 	 -0.480895 	 0.252875 

 111.990740 	 -0.029448 	 0.653777 	 0.295999 	 -7.405994 	 -0.671602 	 0.166533 

 112.990657 	 -0.049726 	 0.651938 	 0.296455 	 -7.391467 	 -0.862063 	 0.079925 

 113.990574 	 -0.069964 	 0.649578 	 0.296674 	 -7.370997 	 -1.052122 	 -0.006879 

 114.990491 	 -0.090146 	 0.646697 	 0.296655 	 -7.344581 	 -1.241622 	 -0.093807 

 115.990409 	 -0.110255 	 0.643298 	 0.296398 	 -7.312226 	 -1.430405 	 -0.180788 

 116.990326 	 -0.130276 	 0.639381 	 0.295903 	 -7.273939 	 -1.618313 	 -0.267752 

 117.990243 	 -0.150192 	 0.634950 	 0.295170 	 -7.229735 	 -1.805190 	 -0.354625 

 118.990160 	 -0.169987 	 0.630008 	 0.294199 	 -7.179634 	 -1.990875 	 -0.441336 

 119.990077 	 -0.189645 	 0.624557 	 0.292991 	 -7.123660 	 -2.175212 	 -0.527812 

 120.989995 	 -0.209150 	 0.618601 	 0.291546 	 -7.061845 	 -2.358044 	 -0.613980 

 121.989912 	 -0.228485 	 0.612145 	 0.289864 	 -6.994223 	 -2.539212 	 -0.699767 

 122.989829 	 -0.247635 	 0.605192 	 0.287949 	 -6.920836 	 -2.718561 	 -0.785101 

 123.989746 	 -0.266584 	 0.597749 	 0.285799 	 -6.841731 	 -2.895935 	 -0.869908 

 124.989664 	 -0.285317 	 0.589820 	 0.283417 	 -6.756959 	 -3.071180 	 -0.954116 

 125.989581 	 -0.303817 	 0.581411 	 0.280805 	 -6.666577 	 -3.244142 	 -1.037651 

 126.989498 	 -0.322071 	 0.572528 	 0.277964 	 -6.570649 	 -3.414669 	 -1.120442 

 127.989415 	 -0.340061 	 0.563179 	 0.274896 	 -6.469242 	 -3.582610 	 -1.202417 

 128.989332 	 -0.357774 	 0.553370 	 0.271604 	 -6.362430 	 -3.747816 	 -1.283503 

 129.989250 	 -0.375194 	 0.543108 	 0.268089 	 -6.250291 	 -3.910141 	 -1.363630 

 130.989167 	 -0.392307 	 0.532402 	 0.264356 	 -6.132910 	 -4.069440 	 -1.442727 

 131.989084 	 -0.409099 	 0.521260 	 0.260406 	 -6.010376 	 -4.225568 	 -1.520724 

 132.989001 	 -0.425556 	 0.509691 	 0.256242 	 -5.882783 	 -4.378387 	 -1.597552 

 133.988919 	 -0.441663 	 0.497703 	 0.251868 	 -5.750231 	 -4.527758 	 -1.673143 

 134.988836 	 -0.457407 	 0.485306 	 0.247287 	 -5.612825 	 -4.673545 	 -1.747429 

 135.988753 	 -0.472775 	 0.472509 	 0.242502 	 -5.470673 	 -4.815617 	 -1.820343 

 136.988670 	 -0.487754 	 0.459324 	 0.237518 	 -5.323891 	 -4.953844 	 -1.891821 

 137.988587 	 -0.502330 	 0.445761 	 0.232338 	 -5.172598 	 -5.088099 	 -1.961797 

 138.988505 	 -0.516493 	 0.431829 	 0.226967 	 -5.016917 	 -5.218261 	 -2.030209 

 139.988422 	 -0.530229 	 0.417542 	 0.221408 	 -4.856976 	 -5.344210 	 -2.096996 

 140.988339 	 -0.543528 	 0.402909 	 0.215667 	 -4.692910 	 -5.465830 	 -2.162096 

 141.988256 	 -0.556377 	 0.387944 	 0.209747 	 -4.524855 	 -5.583010 	 -2.225450 

 142.988173 	 -0.568766 	 0.372658 	 0.203654 	 -4.352952 	 -5.695641 	 -2.287002 

 143.988091 	 -0.580684 	 0.357063 	 0.197392 	 -4.177346 	 -5.803621 	 -2.346696 

 144.988008 	 -0.592122 	 0.341173 	 0.190967 	 -3.998188 	 -5.906850 	 -2.404477 

 145.987925 	 -0.603069 	 0.325000 	 0.184383 	 -3.815630 	 -6.005232 	 -2.460292 

 146.987842 	 -0.613516 	 0.308557 	 0.177647 	 -3.629828 	 -6.098678 	 -2.514092 

 147.987760 	 -0.623455 	 0.291859 	 0.170763 	 -3.440943 	 -6.187101 	 -2.565827 

 148.987677 	 -0.632876 	 0.274919 	 0.163738 	 -3.249138 	 -6.270420 	 -2.615451 

 149.987594 	 -0.641772 	 0.257751 	 0.156577 	 -3.054579 	 -6.348560 	 -2.662919 

 150.987511 	 -0.650135 	 0.240368 	 0.149286 	 -2.857435 	 -6.421448 	 -2.708188 

 151.987428 	 -0.657959 	 0.222786 	 0.141871 	 -2.657879 	 -6.489018 	 -2.751216 

 152.987346 	 -0.665236 	 0.205019 	 0.134338 	 -2.456084 	 -6.551209 	 -2.791967 

 153.987263 	 -0.671961 	 0.187082 	 0.126694 	 -2.252226 	 -6.607966 	 -2.830403 

 154.987180 	 -0.678128 	 0.168990 	 0.118944 	 -2.046486 	 -6.659236 	 -2.866490 

 155.987097 	 -0.683731 	 0.150757 	 0.111095 	 -1.839043 	 -6.704976 	 -2.900196 

 156.987015 	 -0.688766 	 0.132398 	 0.103155 	 -1.630079 	 -6.745144 	 -2.931492 

 157.986932 	 -0.693229 	 0.113930 	 0.095128 	 -1.419778 	 -6.779706 	 -2.960350 

 158.986849 	 -0.697117 	 0.095367 	 0.087023 	 -1.208325 	 -6.808633 	 -2.986747 

 159.986766 	 -0.700425 	 0.076725 	 0.078845 	 -0.995906 	 -6.831902 	 -3.010658 

 160.986683 	 -0.703152 	 0.058019 	 0.070602 	 -0.782708 	 -6.849494 	 -3.032065 

 161.986601 	 -0.705295 	 0.039266 	 0.062300 	 -0.568918 	 -6.861396 	 -3.050949 

 162.986518 	 -0.706853 	 0.020479 	 0.053947 	 -0.354723 	 -6.867602 	 -3.067297 

 163.986435 	 -0.707824 	 0.001676 	 0.045548 	 -0.140312 	 -6.868109 	 -3.081094 

 164.986352 	 -0.708208 	 -0.017129 	 0.037112 	 0.074127 	 -6.862923 	 -3.092331 

 165.986270 	 -0.708005 	 -0.035920 	 0.028646 	 0.288408 	 -6.852051 	 -3.101001 

 166.986187 	 -0.707216 	 -0.054681 	 0.020155 	 0.502343 	 -6.835510 	 -3.107098 

 167.986104 	 -0.705840 	 -0.073397 	 0.011648 	 0.715745 	 -6.813320 	 -3.110620 

 168.986021 	 -0.703880 	 -0.092051 	 0.003131 	 0.928429 	 -6.785505 	 -3.111566 

 169.985938 	 -0.701338 	 -0.110630 	 -0.005389 	 1.140211 	 -6.752098 	 -3.109938 

 170.985856 	 -0.698216 	 -0.129117 	 -0.013904 	 1.350908 	 -6.713135 	 -3.105743 

 171.985773 	 -0.694518 	 -0.147498 	 -0.022407 	 1.560339 	 -6.668658 	 -3.098986 

 172.985690 	 -0.690245 	 -0.165757 	 -0.030892 	 1.768322 	 -6.618712 	 -3.089678 

 173.985607 	 -0.685404 	 -0.183879 	 -0.039352 	 1.974682 	 -6.563351 	 -3.077830 

 174.985525 	 -0.679997 	 -0.201849 	 -0.047779 	 2.179241 	 -6.502630 	 -3.063457 

 175.985442 	 -0.674030 	 -0.219653 	 -0.056167 	 2.381827 	 -6.436611 	 -3.046575 

 176.985359 	 -0.667509 	 -0.237277 	 -0.064508 	 2.582267 	 -6.365361 	 -3.027205 

 177.985276 	 -0.660439 	 -0.254705 	 -0.072797 	 2.780395 	 -6.288951 	 -3.005366 

 178.985193 	 -0.652826 	 -0.271924 	 -0.081025 	 2.976044 	 -6.207456 	 -2.981083 

 179.985111 	 -0.644678 	 -0.288920 	 -0.089187 	 3.169052 	 -6.120958 	 -2.954382 

 180.985028 	 -0.636001 	 -0.305680 	 -0.097277 	 3.359258 	 -6.029539 	 -2.925290 

 181.984945 	 -0.626803 	 -0.322188 	 -0.105286 	 3.546508 	 -5.933289 	 -2.893837 

 182.984873 	 -0.617093 	 -0.338434 	 -0.113209 	 3.730647 	 -5.832301 	 -2.860055 

 183.984790 	 -0.606878 	 -0.354403 	 -0.121040 	 3.911527 	 -5.726672 	 -2.823980 

 184.984708 	 -0.596168 	 -0.370082 	 -0.128772 	 4.089002 	 -5.616501 	 -2.785645 

 185.984625 	 -0.584973 	 -0.385460 	 -0.136399 	 4.262930 	 -5.501894 	 -2.745090 

 186.984542 	 -0.573301 	 -0.400524 	 -0.143915 	 4.433173 	 -5.382957 	 -2.702354 

 187.984459 	 -0.561163 	 -0.415263 	 -0.151314 	 4.599597 	 -5.259802 	 -2.657479 

 188.984377 	 -0.548569 	 -0.429664 	 -0.158591 	 4.762072 	 -5.132544 	 -2.610507 

 189.984294 	 -0.535531 	 -0.443717 	 -0.165738 	 4.920474 	 -5.001300 	 -2.561484 

 190.984211 	 -0.522058 	 -0.457411 	 -0.172751 	 5.074679 	 -4.866190 	 -2.510457 

 191.984128 	 -0.508164 	 -0.470734 	 -0.179625 	 5.224573 	 -4.727337 	 -2.457473 

 192.984045 	 -0.493859 	 -0.483678 	 -0.186354 	 5.370041 	 -4.584868 	 -2.402582 

 193.983963 	 -0.479156 	 -0.496231 	 -0.192932 	 5.510976 	 -4.438910 	 -2.345834 

 194.983880 	 -0.464067 	 -0.508385 	 -0.199355 	 5.647275 	 -4.289594 	 -2.287283 

 195.983797 	 -0.448604 	 -0.520130 	 -0.205617 	 5.778839 	 -4.137054 	 -2.226980 

 196.983714 	 -0.432782 	 -0.531457 	 -0.211715 	 5.905574 	 -3.981424 	 -2.164982 

 197.983632 	 -0.416613 	 -0.542358 	 -0.217643 	 6.027390 	 -3.822840 	 -2.101344 

 198.983549 	 -0.400110 	 -0.552825 	 -0.223396 	 6.144203 	 -3.661441 	 -2.036123 

 199.983466 	 -0.383287 	 -0.562850 	 -0.228971 	 6.255933 	 -3.497367 	 -1.969377 

 200.983383 	 -0.366158 	 -0.572426 	 -0.234363 	 6.362505 	 -3.330760 	 -1.901165 

 201.983300 	 -0.348737 	 -0.581546 	 -0.239569 	 6.463848 	 -3.161762 	 -1.831546 

 202.983218 	 -0.331039 	 -0.590202 	 -0.244583 	 6.559898 	 -2.990517 	 -1.760581 

 203.983135 	 -0.313078 	 -0.598391 	 -0.249404 	 6.650594 	 -2.817170 	 -1.688331 

 204.983052 	 -0.294869 	 -0.606104 	 -0.254026 	 6.735879 	 -2.641867 	 -1.614859 

 205.982969 	 -0.276426 	 -0.613337 	 -0.258448 	 6.815703 	 -2.464753 	 -1.540227 

 206.982887 	 -0.257765 	 -0.620086 	 -0.262665 	 6.890019 	 -2.285975 	 -1.464498 

 207.982804 	 -0.238900 	 -0.626345 	 -0.266675 	 6.958786 	 -2.105682 	 -1.387736 

 208.982721 	 -0.219847 	 -0.632110 	 -0.270474 	 7.021968 	 -1.924020 	 -1.310004 

 209.982638 	 -0.200621 	 -0.637378 	 -0.274061 	 7.079532 	 -1.741137 	 -1.231368 

 210.982555 	 -0.181237 	 -0.642145 	 -0.277433 	 7.131451 	 -1.557182 	 -1.151892 

 211.982473 	 -0.161711 	 -0.646409 	 -0.280587 	 7.177702 	 -1.372301 	 -1.071640 

 212.982390 	 -0.142058 	 -0.650166 	 -0.283521 	 7.218268 	 -1.186642 	 -0.990679 

 213.982307 	 -0.122295 	 -0.653415 	 -0.286233 	 7.253134 	 -1.000353 	 -0.909074 

 214.982224 	 -0.102436 	 -0.656154 	 -0.288722 	 7.282293 	 -0.813579 	 -0.826890 

 215.982142 	 -0.082497 	 -0.658382 	 -0.290986 	 7.305738 	 -0.626468 	 -0.744192 

 216.982059 	 -0.062494 	 -0.660097 	 -0.293024 	 7.323471 	 -0.439165 	 -0.661046 

 217.981976 	 -0.042442 	 -0.661300 	 -0.294834 	 7.335495 	 -0.251813 	 -0.577517 

 218.981893 	 -0.022358 	 -0.661989 	 -0.296415 	 7.341819 	 -0.064558 	 -0.493671 

 219.981810 	 -0.002256 	 -0.662166 	 -0.297767 	 7.342456 	 0.122458 	 -0.409572 

 220.981728 	 0.017848 	 -0.661831 	 -0.298888 	 7.337423 	 0.309093 	 -0.325286 

 221.981645 	 0.037938 	 -0.660984 	 -0.299779 	 7.326741 	 0.495206 	 -0.240878 

 222.981562 	 0.057999 	 -0.659628 	 -0.300438 	 7.310435 	 0.680659 	 -0.156410 

 223.981479 	 0.078014 	 -0.657765 	 -0.300867 	 7.288534 	 0.865313 	 -0.071948 

 224.981397 	 0.097970 	 -0.655395 	 -0.301064 	 7.261071 	 1.049031 	 0.012445 

 225.981314 	 0.117851 	 -0.652523 	 -0.301029 	 7.228083 	 1.231679 	 0.096706 

 226.981231 	 0.137642 	 -0.649151 	 -0.300765 	 7.189611 	 1.413122 	 0.180772 

 227.981148 	 0.157327 	 -0.645282 	 -0.300270 	 7.145699 	 1.593229 	 0.264582 

 228.981065 	 0.176892 	 -0.640920 	 -0.299545 	 7.096395 	 1.771869 	 0.348072 

 229.980983 	 0.196322 	 -0.636068 	 -0.298592 	 7.041750 	 1.948914 	 0.431183 

 230.980900 	 0.215602 	 -0.630732 	 -0.297412 	 6.981820 	 2.124237 	 0.513854 

 231.980817 	 0.234718 	 -0.624916 	 -0.296005 	 6.916662 	 2.297714 	 0.596025 

 232.980734 	 0.253656 	 -0.618625 	 -0.294373 	 6.846338 	 2.469221 	 0.677637 

 233.980651 	 0.272401 	 -0.611864 	 -0.292517 	 6.770914 	 2.638638 	 0.758631 

 234.980569 	 0.290940 	 -0.604639 	 -0.290440 	 6.690457 	 2.805847 	 0.838950 

 235.980486 	 0.309259 	 -0.596957 	 -0.288143 	 6.605038 	 2.970729 	 0.918537 

 236.980403 	 0.327343 	 -0.588823 	 -0.285628 	 6.514732 	 3.133172 	 0.997335 

 237.980320 	 0.345181 	 -0.580245 	 -0.282898 	 6.419615 	 3.293062 	 1.075290 

 238.980238 	 0.362757 	 -0.571228 	 -0.279954 	 6.319768 	 3.450290 	 1.152345 

 239.980155 	 0.380061 	 -0.561781 	 -0.276798 	 6.215273 	 3.604747 	 1.228449 

 240.980072 	 0.397078 	 -0.551911 	 -0.273435 	 6.106215 	 3.756329 	 1.303548 

 241.979989 	 0.413797 	 -0.541627 	 -0.269866 	 5.992684 	 3.904933 	 1.377589 

 242.979906 	 0.430205 	 -0.530935 	 -0.266094 	 5.874769 	 4.050457 	 1.450523 

 243.979824 	 0.446290 	 -0.519845 	 -0.262122 	 5.752564 	 4.192803 	 1.522299 

 244.979741 	 0.462041 	 -0.508365 	 -0.257954 	 5.626164 	 4.331876 	 1.592867 

 245.979658 	 0.477445 	 -0.496504 	 -0.253593 	 5.495667 	 4.467582 	 1.662180 

 246.979575 	 0.492492 	 -0.484272 	 -0.249042 	 5.361174 	 4.599830 	 1.730190 

 247.979493 	 0.507171 	 -0.471678 	 -0.244305 	 5.222786 	 4.728533 	 1.796851 

 248.979410 	 0.521471 	 -0.458731 	 -0.239385 	 5.080609 	 4.853604 	 1.862119 

 249.979327 	 0.535382 	 -0.445442 	 -0.234287 	 4.934750 	 4.974960 	 1.925948 

 250.979244 	 0.548893 	 -0.431820 	 -0.229013 	 4.785315 	 5.092522 	 1.988296 

 251.979161 	 0.561996 	 -0.417877 	 -0.223569 	 4.632418 	 5.206210 	 2.049121 

 252.979079 	 0.574679 	 -0.403622 	 -0.217959 	 4.476169 	 5.315950 	 2.108381 

 253.978996 	 0.586935 	 -0.389067 	 -0.212186 	 4.316684 	 5.421670 	 2.166038 

 254.978913 	 0.598754 	 -0.374223 	 -0.206255 	 4.154078 	 5.523299 	 2.222051 

 255.978830 	 0.610128 	 -0.359100 	 -0.200172 	 3.988468 	 5.620771 	 2.276384 

 256.978748 	 0.621048 	 -0.343710 	 -0.193939 	 3.819976 	 5.714021 	 2.329001 

 257.978665 	 0.631507 	 -0.328065 	 -0.187562 	 3.648720 	 5.802987 	 2.379865 

 258.978582 	 0.641498 	 -0.312177 	 -0.181046 	 3.474825 	 5.887611 	 2.428942 

 259.978499 	 0.651012 	 -0.296056 	 -0.174395 	 3.298413 	 5.967837 	 2.476200 

 260.978416 	 0.660043 	 -0.279716 	 -0.167616 	 3.119610 	 6.043611 	 2.521607 

 261.978334 	 0.668584 	 -0.263169 	 -0.160711 	 2.938542 	 6.114883 	 2.565131 

 262.978251 	 0.676630 	 -0.246427 	 -0.153688 	 2.755337 	 6.181606 	 2.606744 

 263.978168 	 0.684174 	 -0.229501 	 -0.146551 	 2.570125 	 6.243734 	 2.646416 

 264.978085 	 0.691211 	 -0.212406 	 -0.139305 	 2.383035 	 6.301226 	 2.684122 

 265.978003 	 0.697736 	 -0.195153 	 -0.131956 	 2.194198 	 6.354043 	 2.719835 

 266.977920 	 0.703743 	 -0.177756 	 -0.124509 	 2.003748 	 6.402148 	 2.753530 

 267.977837 	 0.709230 	 -0.160227 	 -0.116970 	 1.811816 	 6.445508 	 2.785184 

 268.977754 	 0.714190 	 -0.142579 	 -0.109344 	 1.618537 	 6.484094 	 2.814776 

 269.977671 	 0.718622 	 -0.124825 	 -0.101637 	 1.424046 	 6.517877 	 2.842283 

 270.977589 	 0.722521 	 -0.106980 	 -0.093855 	 1.228479 	 6.546834 	 2.867687 

 271.977506 	 0.725885 	 -0.089054 	 -0.086003 	 1.031972 	 6.570942 	 2.890970 

 272.977423 	 0.728710 	 -0.071063 	 -0.078088 	 0.834661 	 6.590184 	 2.912113 

 273.977340 	 0.730995 	 -0.053019 	 -0.070114 	 0.636686 	 6.604543 	 2.931102 

 274.977258 	 0.732739 	 -0.034936 	 -0.062089 	 0.438184 	 6.614007 	 2.947922 

 275.977175 	 0.733938 	 -0.016827 	 -0.054018 	 0.239293 	 6.618567 	 2.962561 

 276.977092 	 0.734594 	 0.001295 	 -0.045906 	 0.040154 	 6.618216 	 2.975005 

 277.977009 	 0.734704 	 0.019416 	 -0.037761 	 -0.159096 	 6.612951 	 2.985246 

 278.976926 	 0.734268 	 0.037522 	 -0.029587 	 -0.358315 	 6.602770 	 2.993273 

 279.976844 	 0.733287 	 0.055600 	 -0.021391 	 -0.557364 	 6.587678 	 2.999080 

 280.976761 	 0.731761 	 0.073637 	 -0.013180 	 -0.756102 	 6.567679 	 3.002659 

 281.976678 	 0.729691 	 0.091620 	 -0.004959 	 -0.954390 	 6.542782 	 3.004007 

 282.976595 	 0.727078 	 0.109534 	 0.003266 	 -1.152087 	 6.512999 	 3.003119 

 283.976513 	 0.723923 	 0.127366 	 0.011489 	 -1.349052 	 6.478345 	 2.999993 

 284.976430 	 0.720229 	 0.145104 	 0.019703 	 -1.545146 	 6.438838 	 2.994628 

 285.976347 	 0.715999 	 0.162734 	 0.027902 	 -1.740228 	 6.394500 	 2.987026 

 286.976264 	 0.711234 	 0.180242 	 0.036081 	 -1.934159 	 6.345353 	 2.977188 

 287.976181 	 0.705938 	 0.197615 	 0.044232 	 -2.126798 	 6.291427 	 2.965118 

 288.976099 	 0.700115 	 0.214841 	 0.052351 	 -2.318007 	 6.232752 	 2.950820 

 289.976016 	 0.693768 	 0.231906 	 0.060430 	 -2.507647 	 6.169361 	 2.934302 

 290.975933 	 0.686902 	 0.248798 	 0.068464 	 -2.695580 	 6.101291 	 2.915570 

 291.975850 	 0.679522 	 0.265503 	 0.076447 	 -2.881668 	 6.028582 	 2.894635 

 292.975768 	 0.671632 	 0.282010 	 0.084373 	 -3.065775 	 5.951278 	 2.871507 

 293.975685 	 0.663238 	 0.298304 	 0.092235 	 -3.247763 	 5.869426 	 2.846198 

 294.975602 	 0.654346 	 0.314375 	 0.100028 	 -3.427498 	 5.783073 	 2.818723 

 295.975519 	 0.644961 	 0.330209 	 0.107745 	 -3.604845 	 5.692275 	 2.789096 

 296.975436 	 0.635091 	 0.345794 	 0.115382 	 -3.779671 	 5.597085 	 2.757334 

 297.975354 	 0.624742 	 0.361119 	 0.122931 	 -3.951843 	 5.497565 	 2.723455 

 298.975271 	 0.613922 	 0.376171 	 0.130388 	 -4.121231 	 5.393775 	 2.687480 

 299.975188 	 0.602638 	 0.390940 	 0.137747 	 -4.287703 	 5.285782 	 2.649429 

 300.975105 	 0.590898 	 0.405412 	 0.145001 	 -4.451133 	 5.173654 	 2.609325 

 301.975023 	 0.578711 	 0.419578 	 0.152145 	 -4.611391 	 5.057464 	 2.567193 

 302.974940 	 0.566085 	 0.433425 	 0.159174 	 -4.768353 	 4.937285 	 2.523057 

 303.974857 	 0.553029 	 0.446943 	 0.166082 	 -4.921895 	 4.813197 	 2.476947 

 304.974774 	 0.539553 	 0.460122 	 0.172864 	 -5.071894 	 4.685280 	 2.428889 

 305.974691 	 0.525666 	 0.472950 	 0.179514 	 -5.218230 	 4.553619 	 2.378916 

 306.974609 	 0.511379 	 0.485418 	 0.186028 	 -5.360785 	 4.418302 	 2.327058 

 307.974526 	 0.496701 	 0.497515 	 0.192399 	 -5.499441 	 4.279419 	 2.273349 

 308.974443 	 0.481644 	 0.509232 	 0.198624 	 -5.634084 	 4.137063 	 2.217824 

 309.974360 	 0.466218 	 0.520559 	 0.204696 	 -5.764602 	 3.991332 	 2.160519 

 310.974278 	 0.450434 	 0.531488 	 0.210612 	 -5.890886 	 3.842324 	 2.101472 

 311.974195 	 0.434305 	 0.542008 	 0.216365 	 -6.012827 	 3.690143 	 2.040722 

 312.974112 	 0.417842 	 0.552112 	 0.221953 	 -6.130320 	 3.534895 	 1.978311 

 313.974029 	 0.401057 	 0.561790 	 0.227369 	 -6.243263 	 3.376686 	 1.914281 

 314.973946 	 0.383963 	 0.571036 	 0.232611 	 -6.351557 	 3.215630 	 1.848675 

 315.973864 	 0.366572 	 0.579840 	 0.237672 	 -6.455105 	 3.051839 	 1.781538 

 316.973781 	 0.348898 	 0.588196 	 0.242550 	 -6.553813 	 2.885431 	 1.712917 

 317.973698 	 0.330954 	 0.596096 	 0.247240 	 -6.647590 	 2.716525 	 1.642861 

 318.973615 	 0.312753 	 0.603534 	 0.251738 	 -6.736348 	 2.545244 	 1.571418 

 319.973533 	 0.294309 	 0.610503 	 0.256041 	 -6.820004 	 2.371711 	 1.498640 

 320.973450 	 0.275635 	 0.616997 	 0.260144 	 -6.898476 	 2.196055 	 1.424578 

 321.973367 	 0.256747 	 0.623009 	 0.264045 	 -6.971687 	 2.018406 	 1.349286 

 322.973284 	 0.237659 	 0.628536 	 0.267739 	 -7.039563 	 1.838894 	 1.272819 

 323.973201 	 0.218385 	 0.633571 	 0.271224 	 -7.102034 	 1.657655 	 1.195233 

 324.973119 	 0.198939 	 0.638109 	 0.274497 	 -7.159034 	 1.474825 	 1.116585 

 325.973036 	 0.179338 	 0.642147 	 0.277554 	 -7.210500 	 1.290544 	 1.036933 

 326.972953 	 0.159595 	 0.645681 	 0.280393 	 -7.256373 	 1.104951 	 0.956338 

 327.972870 	 0.139728 	 0.648706 	 0.283011 	 -7.296600 	 0.918190 	 0.874859 

 328.972787 	 0.119749 	 0.651220 	 0.285407 	 -7.331131 	 0.730405 	 0.792560 

 329.972705 	 0.099677 	 0.653220 	 0.287577 	 -7.359920 	 0.541743 	 0.709503 

 330.972622 	 0.079525 	 0.654703 	 0.289519 	 -7.382925 	 0.352352 	 0.625751 

 331.972539 	 0.059311 	 0.655668 	 0.291233 	 -7.400109 	 0.162381 	 0.541370 

 332.972456 	 0.039049 	 0.656113 	 0.292715 	 -7.411441 	 -0.028019 	 0.456426 

 333.972374 	 0.018757 	 0.656036 	 0.293965 	 -7.416893 	 -0.218694 	 0.370986 

 334.972291 	 -0.001551 	 0.655437 	 0.294980 	 -7.416441 	 -0.409493 	 0.285117 

 335.972208 	 -0.021857 	 0.654316 	 0.295761 	 -7.410069 	 -0.600260 	 0.198887 

 336.972125 	 -0.042146 	 0.652673 	 0.296306 	 -7.397762 	 -0.790839 	 0.112366 

 337.972042 	 -0.062401 	 0.650507 	 0.296613 	 -7.379514 	 -0.981075 	 0.025624 

 338.971960 	 -0.082606 	 0.647821 	 0.296683 	 -7.355320 	 -1.170811 	 -0.061269 

 339.971877 	 -0.102745 	 0.644615 	 0.296516 	 -7.325183 	 -1.359888 	 -0.148243 

 340.971794 	 -0.122801 	 0.640892 	 0.296110 	 -7.289110 	 -1.548150 	 -0.235225 

 341.971711 	 -0.142759 	 0.636653 	 0.295466 	 -7.247114 	 -1.735439 	 -0.322144 

 342.971629 	 -0.162601 	 0.631902 	 0.294584 	 -7.199212 	 -1.921595 	 -0.408928 

 343.971546 	 -0.182313 	 0.626640 	 0.293464 	 -7.145428 	 -2.106462 	 -0.495503 

 344.971463 	 -0.201877 	 0.620873 	 0.292107 	 -7.085789 	 -2.289882 	 -0.581799 

 345.971380 	 -0.221278 	 0.614603 	 0.290514 	 -7.020329 	 -2.471697 	 -0.667740 

 346.971297 	 -0.240499 	 0.607836 	 0.288686 	 -6.949088 	 -2.651751 	 -0.753255 

 347.971215 	 -0.259526 	 0.600575 	 0.286624 	 -6.872110 	 -2.829888 	 -0.838270 

 348.971132 	 -0.278342 	 0.592827 	 0.284329 	 -6.789445 	 -3.005952 	 -0.922714 

 349.971049 	 -0.296931 	 0.584597 	 0.281802 	 -6.701148 	 -3.179790 	 -1.006512 

 350.970966 	 -0.315279 	 0.575890 	 0.279046 	 -6.607281 	 -3.351250 	 -1.089592 

 351.970884 	 -0.333370 	 0.566715 	 0.276063 	 -6.507908 	 -3.520180 	 -1.171883 

 352.970801 	 -0.351188 	 0.557076 	 0.272854 	 -6.403101 	 -3.686430 	 -1.253312 

 353.970718 	 -0.368720 	 0.546983 	 0.269423 	 -6.292938 	 -3.849853 	 -1.333808 

 354.970635 	 -0.385950 	 0.536442 	 0.265771 	 -6.177500 	 -4.010303 	 -1.413300 

 355.970552 	 -0.402864 	 0.525462 	 0.261901 	 -6.056875 	 -4.167636 	 -1.491718 

 356.970470 	 -0.419448 	 0.514051 	 0.257817 	 -5.931156 	 -4.321711 	 -1.568993 

 357.970387 	 -0.435687 	 0.502218 	 0.253521 	 -5.800439 	 -4.472389 	 -1.645055 

 358.970304 	 -0.451569 	 0.489973 	 0.249017 	 -5.664828 	 -4.619533 	 -1.719838 

 359.970221 	 -0.467079 	 0.477324 	 0.244308 	 -5.524430 	 -4.763010 	 -1.793273 

 360.970139 	 -0.482205 	 0.464283 	 0.239398 	 -5.379358 	 -4.902690 	 -1.865296 

 361.970056 	 -0.496934 	 0.450860 	 0.234291 	 -5.229730 	 -5.038445 	 -1.935842 

 362.969973 	 -0.511253 	 0.437064 	 0.228991 	 -5.075668 	 -5.170151 	 -2.004846 

 363.969890 	 -0.525150 	 0.422908 	 0.223501 	 -4.917298 	 -5.297688 	 -2.072248 

 364.969807 	 -0.538614 	 0.408403 	 0.217827 	 -4.754752 	 -5.420938 	 -2.137985 

 365.969746 	 -0.551632 	 0.393561 	 0.211974 	 -4.588165 	 -5.539789 	 -2.201999 
