
 0.000000 	 -0.820377 	 -1.183932 	 -0.520870 	 4.505429 	 -2.044963 	 -1.059713 

 0.999918 	 -0.808041 	 -1.189531 	 -0.523771 	 4.529794 	 -2.009094 	 -1.043919 

 1.999835 	 -0.795639 	 -1.195032 	 -0.526629 	 4.553844 	 -1.972972 	 -1.028001 

 2.999753 	 -0.783170 	 -1.200434 	 -0.529444 	 4.577574 	 -1.936598 	 -1.011959 

 3.999670 	 -0.770637 	 -1.205737 	 -0.532215 	 4.600981 	 -1.899976 	 -0.995793 

 4.999588 	 -0.758040 	 -1.210939 	 -0.534941 	 4.624062 	 -1.863105 	 -0.979506 

 5.999505 	 -0.745379 	 -1.216040 	 -0.537623 	 4.646812 	 -1.825989 	 -0.963096 

 6.999423 	 -0.732656 	 -1.221039 	 -0.540260 	 4.669229 	 -1.788630 	 -0.946566 

 7.999340 	 -0.719872 	 -1.225937 	 -0.542852 	 4.691309 	 -1.751029 	 -0.929916 

 8.999258 	 -0.707027 	 -1.230731 	 -0.545398 	 4.713047 	 -1.713188 	 -0.913147 

 9.999175 	 -0.694122 	 -1.235422 	 -0.547898 	 4.734442 	 -1.675109 	 -0.896259 

 10.999092 	 -0.681160 	 -1.240008 	 -0.550352 	 4.755488 	 -1.636795 	 -0.879255 

 11.999009 	 -0.668139 	 -1.244490 	 -0.552760 	 4.776183 	 -1.598248 	 -0.862133 

 12.998927 	 -0.655062 	 -1.248866 	 -0.555120 	 4.796524 	 -1.559470 	 -0.844896 

 13.998844 	 -0.641929 	 -1.253136 	 -0.557433 	 4.816505 	 -1.520463 	 -0.827545 

 14.998761 	 -0.628741 	 -1.257299 	 -0.559699 	 4.836125 	 -1.481230 	 -0.810080 

 15.998678 	 -0.615500 	 -1.261354 	 -0.561917 	 4.855379 	 -1.441772 	 -0.792502 

 16.998595 	 -0.602206 	 -1.265302 	 -0.564087 	 4.874263 	 -1.402093 	 -0.774813 

 17.998513 	 -0.588860 	 -1.269141 	 -0.566209 	 4.892775 	 -1.362195 	 -0.757013 

 18.998430 	 -0.575464 	 -1.272870 	 -0.568281 	 4.910911 	 -1.322080 	 -0.739103 

 19.998347 	 -0.562018 	 -1.276490 	 -0.570305 	 4.928668 	 -1.281751 	 -0.721085 

 20.998264 	 -0.548523 	 -1.280000 	 -0.572279 	 4.946041 	 -1.241211 	 -0.702960 

 21.998182 	 -0.534981 	 -1.283398 	 -0.574204 	 4.963027 	 -1.200461 	 -0.684728 

 22.998099 	 -0.521392 	 -1.286685 	 -0.576079 	 4.979623 	 -1.159506 	 -0.666391 

 23.998016 	 -0.507758 	 -1.289860 	 -0.577903 	 4.995825 	 -1.118347 	 -0.647951 

 24.997933 	 -0.494079 	 -1.292922 	 -0.579677 	 5.011630 	 -1.076988 	 -0.629407 

 25.997850 	 -0.480357 	 -1.295871 	 -0.581401 	 5.027035 	 -1.035430 	 -0.610763 

 26.997768 	 -0.466593 	 -1.298706 	 -0.583073 	 5.042035 	 -0.993679 	 -0.592017 

 27.997685 	 -0.452788 	 -1.301426 	 -0.584694 	 5.056628 	 -0.951735 	 -0.573173 

 28.997602 	 -0.438943 	 -1.304032 	 -0.586263 	 5.070810 	 -0.909602 	 -0.554231 

 29.997519 	 -0.425059 	 -1.306523 	 -0.587781 	 5.084578 	 -0.867284 	 -0.535193 

 30.997437 	 -0.411138 	 -1.308897 	 -0.589246 	 5.097928 	 -0.824783 	 -0.516060 

 31.997354 	 -0.397180 	 -1.311155 	 -0.590659 	 5.110857 	 -0.782102 	 -0.496833 

 32.997271 	 -0.383186 	 -1.313297 	 -0.592019 	 5.123362 	 -0.739245 	 -0.477513 

 33.997188 	 -0.369158 	 -1.315321 	 -0.593327 	 5.135438 	 -0.696215 	 -0.458103 

 34.997105 	 -0.355098 	 -1.317227 	 -0.594581 	 5.147084 	 -0.653016 	 -0.438603 

 35.997023 	 -0.341005 	 -1.319015 	 -0.595782 	 5.158295 	 -0.609650 	 -0.419015 

 36.996940 	 -0.326881 	 -1.320684 	 -0.596929 	 5.169069 	 -0.566121 	 -0.399341 

 37.996857 	 -0.312729 	 -1.322234 	 -0.598023 	 5.179402 	 -0.522433 	 -0.379582 

 38.996774 	 -0.298547 	 -1.323665 	 -0.599062 	 5.189291 	 -0.478589 	 -0.359739 

 39.996692 	 -0.284339 	 -1.324975 	 -0.600047 	 5.198732 	 -0.434593 	 -0.339814 

 40.996609 	 -0.270105 	 -1.326165 	 -0.600977 	 5.207723 	 -0.390448 	 -0.319809 

 41.996526 	 -0.255846 	 -1.327234 	 -0.601853 	 5.216261 	 -0.346159 	 -0.299725 

 42.996443 	 -0.241564 	 -1.328182 	 -0.602674 	 5.224342 	 -0.301728 	 -0.279565 

 43.996360 	 -0.227260 	 -1.329008 	 -0.603439 	 5.231963 	 -0.257160 	 -0.259328 

 44.996278 	 -0.212935 	 -1.329712 	 -0.604149 	 5.239121 	 -0.212458 	 -0.239018 

 45.996198 	 -0.198590 	 -1.330294 	 -0.604804 	 5.245814 	 -0.167627 	 -0.218636 

 46.996115 	 -0.184227 	 -1.330753 	 -0.605402 	 5.252038 	 -0.122670 	 -0.198184 

 47.996032 	 -0.169847 	 -1.331089 	 -0.605945 	 5.257790 	 -0.077592 	 -0.177663 

 48.995949 	 -0.155451 	 -1.331301 	 -0.606431 	 5.263067 	 -0.032396 	 -0.157076 

 49.995866 	 -0.141041 	 -1.331390 	 -0.606861 	 5.267867 	 0.012913 	 -0.136424 

 50.995784 	 -0.126617 	 -1.331355 	 -0.607235 	 5.272186 	 0.058331 	 -0.115708 

 51.995701 	 -0.112182 	 -1.331195 	 -0.607552 	 5.276023 	 0.103854 	 -0.094932 

 52.995618 	 -0.097736 	 -1.330910 	 -0.607812 	 5.279373 	 0.149478 	 -0.074096 

 53.995535 	 -0.083281 	 -1.330501 	 -0.608014 	 5.282235 	 0.195197 	 -0.053203 

 54.995453 	 -0.068819 	 -1.329967 	 -0.608160 	 5.284605 	 0.241009 	 -0.032254 

 55.995370 	 -0.054349 	 -1.329307 	 -0.608248 	 5.286482 	 0.286908 	 -0.011252 

 56.995287 	 -0.039875 	 -1.328521 	 -0.608279 	 5.287862 	 0.332890 	 0.009801 

 57.995204 	 -0.025397 	 -1.327610 	 -0.608252 	 5.288743 	 0.378951 	 0.030904 

 58.995121 	 -0.010916 	 -1.326572 	 -0.608168 	 5.289123 	 0.425085 	 0.052054 

 59.995039 	 0.003565 	 -1.325408 	 -0.608025 	 5.288998 	 0.471288 	 0.073250 

 60.994956 	 0.018047 	 -1.324118 	 -0.607825 	 5.288368 	 0.517555 	 0.094488 

 61.994873 	 0.032526 	 -1.322701 	 -0.607566 	 5.287229 	 0.563882 	 0.115768 

 62.994790 	 0.047003 	 -1.321157 	 -0.607249 	 5.285579 	 0.610264 	 0.137087 

 63.994708 	 0.061474 	 -1.319486 	 -0.606874 	 5.283415 	 0.656695 	 0.158442 

 64.994625 	 0.075940 	 -1.317688 	 -0.606440 	 5.280737 	 0.703172 	 0.179832 

 65.994542 	 0.090399 	 -1.315763 	 -0.605947 	 5.277541 	 0.749688 	 0.201254 

 66.994459 	 0.104849 	 -1.313710 	 -0.605396 	 5.273826 	 0.796239 	 0.222706 

 67.994376 	 0.119289 	 -1.311530 	 -0.604787 	 5.269589 	 0.842820 	 0.244186 

 68.994294 	 0.133717 	 -1.309222 	 -0.604118 	 5.264829 	 0.889426 	 0.265691 

 69.994211 	 0.148132 	 -1.306787 	 -0.603391 	 5.259544 	 0.936051 	 0.287220 

 70.994128 	 0.162533 	 -1.304224 	 -0.602604 	 5.253731 	 0.982691 	 0.308769 

 71.994045 	 0.176917 	 -1.301534 	 -0.601759 	 5.247390 	 1.029339 	 0.330337 

 72.993963 	 0.191285 	 -1.298715 	 -0.600854 	 5.240519 	 1.075992 	 0.351921 

 73.993880 	 0.205633 	 -1.295769 	 -0.599891 	 5.233116 	 1.122643 	 0.373518 

 74.993797 	 0.219962 	 -1.292695 	 -0.598868 	 5.225179 	 1.169286 	 0.395127 

 75.993714 	 0.234268 	 -1.289494 	 -0.597786 	 5.216707 	 1.215918 	 0.416745 

 76.993631 	 0.248551 	 -1.286165 	 -0.596645 	 5.207699 	 1.262531 	 0.438368 

 77.993549 	 0.262810 	 -1.282708 	 -0.595445 	 5.198154 	 1.309121 	 0.459996 

 78.993466 	 0.277043 	 -1.279124 	 -0.594185 	 5.188069 	 1.355682 	 0.481624 

 79.993383 	 0.291248 	 -1.275412 	 -0.592867 	 5.177445 	 1.402208 	 0.503252 

 80.993300 	 0.305423 	 -1.271573 	 -0.591489 	 5.166279 	 1.448694 	 0.524875 

 81.993218 	 0.319569 	 -1.267606 	 -0.590052 	 5.154571 	 1.495134 	 0.546492 

 82.993135 	 0.333682 	 -1.263512 	 -0.588555 	 5.142321 	 1.541522 	 0.568100 

 83.993052 	 0.347762 	 -1.259292 	 -0.587000 	 5.129526 	 1.587853 	 0.589697 

 84.992969 	 0.361806 	 -1.254944 	 -0.585385 	 5.116187 	 1.634120 	 0.611279 

 85.992886 	 0.375814 	 -1.250470 	 -0.583712 	 5.102303 	 1.680318 	 0.632844 

 86.992804 	 0.389784 	 -1.245869 	 -0.581979 	 5.087872 	 1.726441 	 0.654389 

 87.992721 	 0.403715 	 -1.241142 	 -0.580187 	 5.072896 	 1.772484 	 0.675912 

 88.992638 	 0.417605 	 -1.236289 	 -0.578337 	 5.057373 	 1.818439 	 0.697410 

 89.992555 	 0.431452 	 -1.231310 	 -0.576427 	 5.041302 	 1.864302 	 0.718881 

 90.992473 	 0.445255 	 -1.226206 	 -0.574459 	 5.024685 	 1.910066 	 0.740320 

 91.992395 	 0.459012 	 -1.220976 	 -0.572432 	 5.007520 	 1.955725 	 0.761727 

 92.992312 	 0.472723 	 -1.215621 	 -0.570346 	 4.989807 	 2.001274 	 0.783097 

 93.992230 	 0.486385 	 -1.210142 	 -0.568202 	 4.971547 	 2.046705 	 0.804429 

 94.992147 	 0.499997 	 -1.204538 	 -0.566000 	 4.952740 	 2.092013 	 0.825719 

 95.992064 	 0.513558 	 -1.198810 	 -0.563739 	 4.933385 	 2.137193 	 0.846964 

 96.991981 	 0.527065 	 -1.192958 	 -0.561420 	 4.913484 	 2.182237 	 0.868163 

 97.991899 	 0.540518 	 -1.186983 	 -0.559043 	 4.893037 	 2.227139 	 0.889311 

 98.991816 	 0.553916 	 -1.180885 	 -0.556608 	 4.872044 	 2.271895 	 0.910406 

 99.991733 	 0.567255 	 -1.174665 	 -0.554115 	 4.850505 	 2.316496 	 0.931445 

 100.991650 	 0.580536 	 -1.168322 	 -0.551565 	 4.828423 	 2.360937 	 0.952426 

 101.991567 	 0.593756 	 -1.161858 	 -0.548957 	 4.805796 	 2.405212 	 0.973345 

 102.991485 	 0.606914 	 -1.155273 	 -0.546292 	 4.782627 	 2.449315 	 0.994200 

 103.991402 	 0.620009 	 -1.148566 	 -0.543570 	 4.758917 	 2.493239 	 1.014988 

 104.991319 	 0.633039 	 -1.141740 	 -0.540791 	 4.734665 	 2.536978 	 1.035705 

 105.991236 	 0.646003 	 -1.134794 	 -0.537955 	 4.709875 	 2.580526 	 1.056349 

 106.991154 	 0.658898 	 -1.127728 	 -0.535063 	 4.684546 	 2.623877 	 1.076917 

 107.991071 	 0.671725 	 -1.120544 	 -0.532114 	 4.658681 	 2.667024 	 1.097406 

 108.990988 	 0.684480 	 -1.113242 	 -0.529110 	 4.632282 	 2.709961 	 1.117814 

 109.990905 	 0.697163 	 -1.105822 	 -0.526049 	 4.605348 	 2.752681 	 1.138136 

 110.990822 	 0.709773 	 -1.098285 	 -0.522933 	 4.577884 	 2.795180 	 1.158371 

 111.990740 	 0.722307 	 -1.090632 	 -0.519761 	 4.549889 	 2.837449 	 1.178516 

 112.990657 	 0.734765 	 -1.082863 	 -0.516534 	 4.521367 	 2.879484 	 1.198566 

 113.990574 	 0.747144 	 -1.074979 	 -0.513253 	 4.492319 	 2.921277 	 1.218521 

 114.990491 	 0.759444 	 -1.066980 	 -0.509916 	 4.462748 	 2.962823 	 1.238376 

 115.990409 	 0.771663 	 -1.058868 	 -0.506526 	 4.432656 	 3.004115 	 1.258129 

 116.990326 	 0.783800 	 -1.050643 	 -0.503081 	 4.402046 	 3.045147 	 1.277776 

 117.990243 	 0.795852 	 -1.042305 	 -0.499582 	 4.370919 	 3.085913 	 1.297315 

 118.990160 	 0.807820 	 -1.033856 	 -0.496030 	 4.339278 	 3.126407 	 1.316744 

 119.990077 	 0.819701 	 -1.025296 	 -0.492425 	 4.307127 	 3.166622 	 1.336058 

 120.989995 	 0.831494 	 -1.016626 	 -0.488767 	 4.274468 	 3.206553 	 1.355256 

 121.989912 	 0.843197 	 -1.007846 	 -0.485056 	 4.241304 	 3.246193 	 1.374334 

 122.989829 	 0.854810 	 -0.998958 	 -0.481293 	 4.207637 	 3.285536 	 1.393289 

 123.989746 	 0.866331 	 -0.989962 	 -0.477479 	 4.173473 	 3.324577 	 1.412119 

 124.989664 	 0.877758 	 -0.980860 	 -0.473612 	 4.138813 	 3.363308 	 1.430821 

 125.989581 	 0.889090 	 -0.971651 	 -0.469695 	 4.103660 	 3.401724 	 1.449391 

 126.989498 	 0.900325 	 -0.962337 	 -0.465726 	 4.068020 	 3.439820 	 1.467828 

 127.989415 	 0.911464 	 -0.952919 	 -0.461707 	 4.031894 	 3.477588 	 1.486127 

 128.989332 	 0.922503 	 -0.943397 	 -0.457638 	 3.995287 	 3.515024 	 1.504287 

 129.989250 	 0.933442 	 -0.933773 	 -0.453519 	 3.958203 	 3.552122 	 1.522305 

 130.989167 	 0.944280 	 -0.924047 	 -0.449351 	 3.920646 	 3.588874 	 1.540177 

 131.989084 	 0.955014 	 -0.914221 	 -0.445134 	 3.882619 	 3.625277 	 1.557902 

 132.989001 	 0.965645 	 -0.904295 	 -0.440869 	 3.844127 	 3.661323 	 1.575475 

 133.988919 	 0.976170 	 -0.894270 	 -0.436555 	 3.805174 	 3.697008 	 1.592895 

 134.988836 	 0.986589 	 -0.884148 	 -0.432194 	 3.765765 	 3.732326 	 1.610159 

 135.988753 	 0.996899 	 -0.873929 	 -0.427785 	 3.725903 	 3.767270 	 1.627265 

 136.988670 	 1.007101 	 -0.863614 	 -0.423330 	 3.685594 	 3.801836 	 1.644208 

 137.988587 	 1.017192 	 -0.853205 	 -0.418828 	 3.644842 	 3.836018 	 1.660988 

 138.988505 	 1.027172 	 -0.842702 	 -0.414280 	 3.603652 	 3.869810 	 1.677601 

 139.988422 	 1.037038 	 -0.832106 	 -0.409687 	 3.562029 	 3.903208 	 1.694044 

 140.988339 	 1.046791 	 -0.821419 	 -0.405049 	 3.519978 	 3.936206 	 1.710315 

 141.988256 	 1.056429 	 -0.810642 	 -0.400366 	 3.477504 	 3.968798 	 1.726412 

 142.988173 	 1.065950 	 -0.799775 	 -0.395639 	 3.434612 	 4.000980 	 1.742332 

 143.988091 	 1.075354 	 -0.788820 	 -0.390868 	 3.391307 	 4.032746 	 1.758073 

 144.988008 	 1.084640 	 -0.777779 	 -0.386055 	 3.347595 	 4.064091 	 1.773631 

 145.987925 	 1.093806 	 -0.766651 	 -0.381199 	 3.303481 	 4.095010 	 1.789005 

 146.987842 	 1.102850 	 -0.755439 	 -0.376300 	 3.258972 	 4.125499 	 1.804192 

 147.987760 	 1.111774 	 -0.744144 	 -0.371360 	 3.214071 	 4.155552 	 1.819190 

 148.987677 	 1.120574 	 -0.732766 	 -0.366379 	 3.168786 	 4.185165 	 1.833996 

 149.987594 	 1.129250 	 -0.721307 	 -0.361358 	 3.123122 	 4.214333 	 1.848609 

 150.987511 	 1.137801 	 -0.709768 	 -0.356296 	 3.077084 	 4.243052 	 1.863025 

 151.987428 	 1.146226 	 -0.698150 	 -0.351196 	 3.030680 	 4.271316 	 1.877243 

 152.987346 	 1.154524 	 -0.686455 	 -0.346056 	 2.983915 	 4.299121 	 1.891260 

 153.987263 	 1.162694 	 -0.674684 	 -0.340877 	 2.936795 	 4.326464 	 1.905075 

 154.987180 	 1.170735 	 -0.662839 	 -0.335661 	 2.889327 	 4.353339 	 1.918684 

 155.987097 	 1.178646 	 -0.650919 	 -0.330408 	 2.841517 	 4.379743 	 1.932087 

 156.987015 	 1.186426 	 -0.638927 	 -0.325118 	 2.793371 	 4.405671 	 1.945280 

 157.986932 	 1.194074 	 -0.626865 	 -0.319792 	 2.744895 	 4.431120 	 1.958263 

 158.986849 	 1.201590 	 -0.614732 	 -0.314430 	 2.696097 	 4.456084 	 1.971032 

 159.986766 	 1.208972 	 -0.602532 	 -0.309033 	 2.646984 	 4.480562 	 1.983587 

 160.986683 	 1.216219 	 -0.590264 	 -0.303602 	 2.597561 	 4.504548 	 1.995924 

 161.986601 	 1.223331 	 -0.577930 	 -0.298137 	 2.547835 	 4.528040 	 2.008043 

 162.986518 	 1.230307 	 -0.565533 	 -0.292639 	 2.497814 	 4.551033 	 2.019940 

 163.986435 	 1.237146 	 -0.553072 	 -0.287109 	 2.447504 	 4.573524 	 2.031616 

 164.986352 	 1.243847 	 -0.540550 	 -0.281546 	 2.396913 	 4.595510 	 2.043067 

 165.986270 	 1.250410 	 -0.527967 	 -0.275952 	 2.346047 	 4.616988 	 2.054293 

 166.986187 	 1.256834 	 -0.515326 	 -0.270328 	 2.294913 	 4.637953 	 2.065291 

 167.986104 	 1.263117 	 -0.502627 	 -0.264673 	 2.243519 	 4.658404 	 2.076060 

 168.986021 	 1.269260 	 -0.489872 	 -0.258989 	 2.191872 	 4.678338 	 2.086599 

 169.985938 	 1.275261 	 -0.477063 	 -0.253275 	 2.139979 	 4.697750 	 2.096905 

 170.985856 	 1.281120 	 -0.464201 	 -0.247534 	 2.087847 	 4.716640 	 2.106978 

 171.985773 	 1.286837 	 -0.451286 	 -0.241765 	 2.035484 	 4.735003 	 2.116816 

 172.985690 	 1.292410 	 -0.438322 	 -0.235969 	 1.982897 	 4.752838 	 2.126417 

 173.985607 	 1.297839 	 -0.425309 	 -0.230147 	 1.930094 	 4.770142 	 2.135780 

 174.985525 	 1.303124 	 -0.412248 	 -0.224300 	 1.877082 	 4.786912 	 2.144905 

 175.985442 	 1.308263 	 -0.399141 	 -0.218427 	 1.823869 	 4.803147 	 2.153790 

 176.985359 	 1.313257 	 -0.385990 	 -0.212530 	 1.770462 	 4.818845 	 2.162433 

 177.985276 	 1.318105 	 -0.372796 	 -0.206609 	 1.716869 	 4.834002 	 2.170833 

 178.985193 	 1.322805 	 -0.359561 	 -0.200665 	 1.663097 	 4.848618 	 2.178990 

 179.985111 	 1.327359 	 -0.346285 	 -0.194699 	 1.609155 	 4.862691 	 2.186902 

 180.985028 	 1.331765 	 -0.332971 	 -0.188711 	 1.555049 	 4.876218 	 2.194569 

 181.984945 	 1.336023 	 -0.319620 	 -0.182703 	 1.500789 	 4.889199 	 2.201990 

 182.984873 	 1.340132 	 -0.306234 	 -0.176674 	 1.446380 	 4.901632 	 2.209162 

 183.984790 	 1.344092 	 -0.292813 	 -0.170625 	 1.391831 	 4.913516 	 2.216087 

 184.984708 	 1.347903 	 -0.279360 	 -0.164557 	 1.337151 	 4.924849 	 2.222763 

 185.984625 	 1.351564 	 -0.265876 	 -0.158471 	 1.282345 	 4.935630 	 2.229189 

 186.984542 	 1.355075 	 -0.252362 	 -0.152368 	 1.227424 	 4.945858 	 2.235364 

 187.984459 	 1.358436 	 -0.238820 	 -0.146247 	 1.172394 	 4.955533 	 2.241289 

 188.984377 	 1.361646 	 -0.225252 	 -0.140111 	 1.117262 	 4.964653 	 2.246961 

 189.984294 	 1.364705 	 -0.211659 	 -0.133959 	 1.062038 	 4.973218 	 2.252382 

 190.984211 	 1.367613 	 -0.198042 	 -0.127792 	 1.006728 	 4.981227 	 2.257550 

 191.984128 	 1.370369 	 -0.184403 	 -0.121610 	 0.951341 	 4.988680 	 2.262466 

 192.984045 	 1.372974 	 -0.170744 	 -0.115416 	 0.895885 	 4.995577 	 2.267127 

 193.983963 	 1.375427 	 -0.157066 	 -0.109208 	 0.840366 	 5.001917 	 2.271536 

 194.983880 	 1.377728 	 -0.143371 	 -0.102989 	 0.784794 	 5.007700 	 2.275690 

 195.983797 	 1.379876 	 -0.129660 	 -0.096758 	 0.729176 	 5.012926 	 2.279590 

 196.983714 	 1.381873 	 -0.115935 	 -0.090517 	 0.673519 	 5.017596 	 2.283236 

 197.983632 	 1.383717 	 -0.102197 	 -0.084265 	 0.617831 	 5.021708 	 2.286627 

 198.983549 	 1.385409 	 -0.088447 	 -0.078004 	 0.562121 	 5.025265 	 2.289763 

 199.983466 	 1.386948 	 -0.074688 	 -0.071735 	 0.506396 	 5.028266 	 2.292646 

 200.983383 	 1.388334 	 -0.060921 	 -0.065458 	 0.450664 	 5.030711 	 2.295273 

 201.983300 	 1.389568 	 -0.047146 	 -0.059173 	 0.394932 	 5.032602 	 2.297647 

 202.983218 	 1.390649 	 -0.033367 	 -0.052882 	 0.339208 	 5.033939 	 2.299766 

 203.983135 	 1.391578 	 -0.019584 	 -0.046585 	 0.283499 	 5.034723 	 2.301631 

 204.983052 	 1.392354 	 -0.005799 	 -0.040284 	 0.227815 	 5.034955 	 2.303242 

 205.982969 	 1.392978 	 0.007987 	 -0.033977 	 0.172161 	 5.034636 	 2.304599 

 206.982887 	 1.393450 	 0.021771 	 -0.027667 	 0.116545 	 5.033767 	 2.305703 

 207.982804 	 1.393769 	 0.035554 	 -0.021354 	 0.060976 	 5.032350 	 2.306555 

 208.982721 	 1.393936 	 0.049332 	 -0.015039 	 0.005460 	 5.030385 	 2.307154 

 209.982638 	 1.393951 	 0.063106 	 -0.008722 	 -0.049995 	 5.027875 	 2.307501 

 210.982555 	 1.393814 	 0.076872 	 -0.002404 	 -0.105381 	 5.024820 	 2.307596 

 211.982473 	 1.393525 	 0.090630 	 0.003914 	 -0.160692 	 5.021223 	 2.307441 

 212.982390 	 1.393085 	 0.104378 	 0.010232 	 -0.215919 	 5.017085 	 2.307035 

 213.982307 	 1.392494 	 0.118115 	 0.016549 	 -0.271057 	 5.012408 	 2.306380 

 214.982224 	 1.391752 	 0.131839 	 0.022863 	 -0.326096 	 5.007194 	 2.305476 

 215.982142 	 1.390859 	 0.145548 	 0.029176 	 -0.381031 	 5.001445 	 2.304323 

 216.982059 	 1.389816 	 0.159242 	 0.035485 	 -0.435854 	 4.995164 	 2.302924 

 217.981976 	 1.388622 	 0.172919 	 0.041791 	 -0.490558 	 4.988352 	 2.301277 

 218.981893 	 1.387279 	 0.186577 	 0.048091 	 -0.545136 	 4.981011 	 2.299385 

 219.981810 	 1.385787 	 0.200215 	 0.054387 	 -0.599582 	 4.973145 	 2.297249 

 220.981728 	 1.384145 	 0.213832 	 0.060677 	 -0.653887 	 4.964756 	 2.294868 

 221.981645 	 1.382355 	 0.227425 	 0.066960 	 -0.708046 	 4.955846 	 2.292245 

 222.981562 	 1.380416 	 0.240994 	 0.073236 	 -0.762052 	 4.946417 	 2.289379 

 223.981479 	 1.378329 	 0.254538 	 0.079505 	 -0.815897 	 4.936474 	 2.286273 

 224.981397 	 1.376096 	 0.268054 	 0.085765 	 -0.869576 	 4.926017 	 2.282928 

 225.981314 	 1.373715 	 0.281541 	 0.092015 	 -0.923081 	 4.915051 	 2.279344 

 226.981231 	 1.371187 	 0.294999 	 0.098256 	 -0.976406 	 4.903579 	 2.275523 

 227.981148 	 1.368514 	 0.308425 	 0.104487 	 -1.029546 	 4.891603 	 2.271466 

 228.981065 	 1.365695 	 0.321818 	 0.110706 	 -1.082492 	 4.879126 	 2.267174 

 229.980983 	 1.362731 	 0.335177 	 0.116913 	 -1.135240 	 4.866153 	 2.262648 

 230.980900 	 1.359623 	 0.348500 	 0.123108 	 -1.187783 	 4.852685 	 2.257891 

 231.980817 	 1.356371 	 0.361787 	 0.129291 	 -1.240114 	 4.838726 	 2.252902 

 232.980734 	 1.352975 	 0.375035 	 0.135459 	 -1.292228 	 4.824281 	 2.247685 

 233.980651 	 1.349437 	 0.388244 	 0.141613 	 -1.344118 	 4.809351 	 2.242239 

 234.980569 	 1.345757 	 0.401412 	 0.147752 	 -1.395779 	 4.793942 	 2.236567 

 235.980486 	 1.341935 	 0.414538 	 0.153876 	 -1.447205 	 4.778056 	 2.230671 

 236.980403 	 1.337973 	 0.427620 	 0.159984 	 -1.498390 	 4.761697 	 2.224550 

 237.980320 	 1.333870 	 0.440658 	 0.166075 	 -1.549329 	 4.744869 	 2.218208 

 238.980238 	 1.329628 	 0.453649 	 0.172148 	 -1.600015 	 4.727576 	 2.211646 

 239.980155 	 1.325247 	 0.466593 	 0.178203 	 -1.650444 	 4.709821 	 2.204865 

 240.980072 	 1.320728 	 0.479489 	 0.184240 	 -1.700609 	 4.691608 	 2.197867 

 241.979989 	 1.316072 	 0.492335 	 0.190258 	 -1.750506 	 4.672942 	 2.190653 

 242.979906 	 1.311279 	 0.505129 	 0.196256 	 -1.800128 	 4.653826 	 2.183226 

 243.979824 	 1.306350 	 0.517871 	 0.202234 	 -1.849472 	 4.634265 	 2.175588 

 244.979741 	 1.301287 	 0.530560 	 0.208191 	 -1.898532 	 4.614263 	 2.167739 

 245.979658 	 1.296088 	 0.543194 	 0.214126 	 -1.947303 	 4.593823 	 2.159681 

 246.979575 	 1.290757 	 0.555772 	 0.220039 	 -1.995779 	 4.572950 	 2.151417 

 247.979493 	 1.285292 	 0.568292 	 0.225930 	 -2.043956 	 4.551648 	 2.142949 

 248.979410 	 1.279696 	 0.580755 	 0.231797 	 -2.091830 	 4.529922 	 2.134277 

 249.979327 	 1.273969 	 0.593158 	 0.237641 	 -2.139395 	 4.507776 	 2.125405 

 250.979244 	 1.268111 	 0.605500 	 0.243460 	 -2.186647 	 4.485214 	 2.116333 

 251.979161 	 1.262124 	 0.617781 	 0.249255 	 -2.233582 	 4.462240 	 2.107064 

 252.979079 	 1.256008 	 0.629998 	 0.255024 	 -2.280194 	 4.438860 	 2.097599 

 253.978996 	 1.249765 	 0.642152 	 0.260767 	 -2.326481 	 4.415078 	 2.087942 

 254.978913 	 1.243395 	 0.654240 	 0.266484 	 -2.372436 	 4.390897 	 2.078092 

 255.978830 	 1.236899 	 0.666262 	 0.272174 	 -2.418057 	 4.366323 	 2.068054 

 256.978748 	 1.230279 	 0.678217 	 0.277836 	 -2.463339 	 4.341360 	 2.057828 

 257.978665 	 1.223534 	 0.690104 	 0.283470 	 -2.508278 	 4.316014 	 2.047416 

 258.978582 	 1.216667 	 0.701921 	 0.289076 	 -2.552870 	 4.290287 	 2.036821 

 259.978499 	 1.209677 	 0.713668 	 0.294653 	 -2.597112 	 4.264186 	 2.026045 

 260.978416 	 1.202566 	 0.725344 	 0.300200 	 -2.641000 	 4.237715 	 2.015089 

 261.978334 	 1.195335 	 0.736946 	 0.305717 	 -2.684529 	 4.210878 	 2.003956 

 262.978251 	 1.187985 	 0.748476 	 0.311204 	 -2.727697 	 4.183681 	 1.992648 

 263.978168 	 1.180516 	 0.759931 	 0.316660 	 -2.770500 	 4.156127 	 1.981166 

 264.978085 	 1.172931 	 0.771310 	 0.322085 	 -2.812934 	 4.128223 	 1.969514 

 265.978003 	 1.165229 	 0.782613 	 0.327477 	 -2.854997 	 4.099972 	 1.957693 

 266.977920 	 1.157412 	 0.793839 	 0.332837 	 -2.896685 	 4.071379 	 1.945704 

 267.977837 	 1.149481 	 0.804986 	 0.338165 	 -2.937995 	 4.042450 	 1.933551 

 268.977754 	 1.141436 	 0.816055 	 0.343459 	 -2.978924 	 4.013188 	 1.921236 

 269.977671 	 1.133280 	 0.827043 	 0.348719 	 -3.019468 	 3.983600 	 1.908760 

 270.977589 	 1.125013 	 0.837950 	 0.353945 	 -3.059626 	 3.953689 	 1.896126 

 271.977506 	 1.116636 	 0.848775 	 0.359137 	 -3.099394 	 3.923460 	 1.883336 

 272.977423 	 1.108149 	 0.859517 	 0.364293 	 -3.138769 	 3.892920 	 1.870391 

 273.977340 	 1.099555 	 0.870176 	 0.369415 	 -3.177750 	 3.862071 	 1.857295 

 274.977258 	 1.090855 	 0.880751 	 0.374500 	 -3.216332 	 3.830919 	 1.844049 

 275.977175 	 1.082048 	 0.891240 	 0.379549 	 -3.254515 	 3.799470 	 1.830656 

 276.977092 	 1.073138 	 0.901643 	 0.384561 	 -3.292295 	 3.767727 	 1.817118 

 277.977009 	 1.064123 	 0.911959 	 0.389536 	 -3.329670 	 3.735697 	 1.803436 

 278.976926 	 1.055007 	 0.922187 	 0.394474 	 -3.366638 	 3.703383 	 1.789613 

 279.976844 	 1.045789 	 0.932327 	 0.399374 	 -3.403197 	 3.670790 	 1.775652 

 280.976761 	 1.036471 	 0.942377 	 0.404236 	 -3.439345 	 3.637924 	 1.761554 

 281.976678 	 1.027054 	 0.952338 	 0.409059 	 -3.475079 	 3.604789 	 1.747321 

 282.976595 	 1.017539 	 0.962208 	 0.413843 	 -3.510399 	 3.571390 	 1.732957 

 283.976513 	 1.007928 	 0.971987 	 0.418588 	 -3.545301 	 3.537733 	 1.718462 

 284.976430 	 0.998221 	 0.981673 	 0.423293 	 -3.579784 	 3.503821 	 1.703839 

 285.976347 	 0.988419 	 0.991266 	 0.427958 	 -3.613847 	 3.469660 	 1.689091 

 286.976264 	 0.978524 	 1.000766 	 0.432583 	 -3.647488 	 3.435254 	 1.674219 

 287.976181 	 0.968538 	 1.010172 	 0.437167 	 -3.680706 	 3.400609 	 1.659226 

 288.976099 	 0.958460 	 1.019483 	 0.441710 	 -3.713498 	 3.365729 	 1.644113 

 289.976016 	 0.948292 	 1.028698 	 0.446212 	 -3.745864 	 3.330619 	 1.628884 

 290.975933 	 0.938036 	 1.037817 	 0.450671 	 -3.777802 	 3.295283 	 1.613539 

 291.975850 	 0.927693 	 1.046840 	 0.455089 	 -3.809311 	 3.259728 	 1.598082 

 292.975768 	 0.917263 	 1.055765 	 0.459465 	 -3.840389 	 3.223956 	 1.582515 

 293.975685 	 0.906748 	 1.064592 	 0.463798 	 -3.871037 	 3.187974 	 1.566839 

 294.975602 	 0.896149 	 1.073321 	 0.468088 	 -3.901252 	 3.151785 	 1.551057 

 295.975519 	 0.885467 	 1.081950 	 0.472335 	 -3.931033 	 3.115395 	 1.535170 

 296.975436 	 0.874704 	 1.090480 	 0.476538 	 -3.960381 	 3.078808 	 1.519182 

 297.975354 	 0.863860 	 1.098910 	 0.480697 	 -3.989293 	 3.042029 	 1.503094 

 298.975271 	 0.852938 	 1.107239 	 0.484813 	 -4.017769 	 3.005063 	 1.486908 

 299.975188 	 0.841937 	 1.115467 	 0.488884 	 -4.045809 	 2.967914 	 1.470626 

 300.975105 	 0.830860 	 1.123593 	 0.492911 	 -4.073411 	 2.930586 	 1.454251 

 301.975023 	 0.819707 	 1.131617 	 0.496892 	 -4.100576 	 2.893085 	 1.437784 

 302.974940 	 0.808479 	 1.139538 	 0.500829 	 -4.127302 	 2.855415 	 1.421228 

 303.974857 	 0.797179 	 1.147357 	 0.504720 	 -4.153589 	 2.817581 	 1.404585 

 304.974774 	 0.785806 	 1.155071 	 0.508566 	 -4.179437 	 2.779587 	 1.387856 

 305.974691 	 0.774363 	 1.162682 	 0.512366 	 -4.204845 	 2.741437 	 1.371044 

 306.974609 	 0.762850 	 1.170188 	 0.516120 	 -4.229813 	 2.703136 	 1.354152 

 307.974526 	 0.751269 	 1.177589 	 0.519828 	 -4.254342 	 2.664689 	 1.337180 

 308.974443 	 0.739620 	 1.184885 	 0.523489 	 -4.278430 	 2.626100 	 1.320131 

 309.974360 	 0.727906 	 1.192075 	 0.527103 	 -4.302077 	 2.587373 	 1.303007 

 310.974278 	 0.716127 	 1.199159 	 0.530671 	 -4.325284 	 2.548513 	 1.285810 

 311.974195 	 0.704284 	 1.206137 	 0.534192 	 -4.348050 	 2.509524 	 1.268542 

 312.974112 	 0.692379 	 1.213008 	 0.537665 	 -4.370376 	 2.470411 	 1.251205 

 313.974029 	 0.680413 	 1.219772 	 0.541091 	 -4.392261 	 2.431177 	 1.233801 

 314.973946 	 0.668387 	 1.226429 	 0.544469 	 -4.413706 	 2.391828 	 1.216332 

 315.973864 	 0.656303 	 1.232978 	 0.547799 	 -4.434711 	 2.352367 	 1.198800 

 316.973781 	 0.644160 	 1.239418 	 0.551081 	 -4.455276 	 2.312798 	 1.181206 

 317.973698 	 0.631962 	 1.245751 	 0.554315 	 -4.475401 	 2.273126 	 1.163554 

 318.973615 	 0.619708 	 1.251975 	 0.557501 	 -4.495087 	 2.233355 	 1.145844 

 319.973533 	 0.607401 	 1.258090 	 0.560639 	 -4.514334 	 2.193489 	 1.128078 

 320.973450 	 0.595040 	 1.264095 	 0.563727 	 -4.533143 	 2.153532 	 1.110260 

 321.973367 	 0.582629 	 1.269992 	 0.566767 	 -4.551514 	 2.113488 	 1.092389 

 322.973284 	 0.570167 	 1.275778 	 0.569758 	 -4.569447 	 2.073362 	 1.074469 

 323.973201 	 0.557655 	 1.281455 	 0.572700 	 -4.586943 	 2.033157 	 1.056500 

 324.973119 	 0.545096 	 1.287022 	 0.575593 	 -4.604003 	 1.992877 	 1.038486 

 325.973036 	 0.532491 	 1.292479 	 0.578436 	 -4.620627 	 1.952526 	 1.020427 

 326.972953 	 0.519839 	 1.297825 	 0.581230 	 -4.636816 	 1.912108 	 1.002326 

 327.972870 	 0.507144 	 1.303060 	 0.583974 	 -4.652571 	 1.871628 	 0.984185 

 328.972787 	 0.494405 	 1.308184 	 0.586669 	 -4.667892 	 1.831088 	 0.966004 

 329.972705 	 0.481624 	 1.313198 	 0.589314 	 -4.682781 	 1.790493 	 0.947787 

 330.972622 	 0.468803 	 1.318100 	 0.591909 	 -4.697237 	 1.749846 	 0.929534 

 331.972539 	 0.455942 	 1.322891 	 0.594454 	 -4.711263 	 1.709152 	 0.911248 

 332.972456 	 0.443042 	 1.327571 	 0.596949 	 -4.724858 	 1.668414 	 0.892930 

 333.972374 	 0.430106 	 1.332139 	 0.599394 	 -4.738024 	 1.627635 	 0.874581 

 334.972291 	 0.417133 	 1.336596 	 0.601789 	 -4.750762 	 1.586820 	 0.856205 

 335.972208 	 0.404125 	 1.340940 	 0.604133 	 -4.763073 	 1.545972 	 0.837801 

 336.972125 	 0.391084 	 1.345173 	 0.606427 	 -4.774957 	 1.505095 	 0.819373 

 337.972042 	 0.378010 	 1.349294 	 0.608670 	 -4.786416 	 1.464191 	 0.800922 

 338.971960 	 0.364905 	 1.353303 	 0.610863 	 -4.797452 	 1.423266 	 0.782448 

 339.971877 	 0.351770 	 1.357200 	 0.613005 	 -4.808064 	 1.382322 	 0.763955 

 340.971794 	 0.338605 	 1.360985 	 0.615097 	 -4.818254 	 1.341362 	 0.745443 

 341.971711 	 0.325413 	 1.364657 	 0.617138 	 -4.828024 	 1.300391 	 0.726915 

 342.971629 	 0.312194 	 1.368218 	 0.619129 	 -4.837375 	 1.259411 	 0.708371 

 343.971546 	 0.298949 	 1.371666 	 0.621068 	 -4.846307 	 1.218426 	 0.689814 

 344.971463 	 0.285680 	 1.375002 	 0.622957 	 -4.854823 	 1.177440 	 0.671245 

 345.971380 	 0.272387 	 1.378226 	 0.624795 	 -4.862923 	 1.136455 	 0.652665 

 346.971297 	 0.259073 	 1.381338 	 0.626582 	 -4.870609 	 1.095475 	 0.634076 

 347.971215 	 0.245737 	 1.384337 	 0.628318 	 -4.877882 	 1.054503 	 0.615480 

 348.971132 	 0.232381 	 1.387224 	 0.630003 	 -4.884743 	 1.013543 	 0.596878 

 349.971049 	 0.219007 	 1.389999 	 0.631637 	 -4.891195 	 0.972597 	 0.578272 

 350.970966 	 0.205615 	 1.392662 	 0.633220 	 -4.897237 	 0.931669 	 0.559663 

 351.970884 	 0.192206 	 1.395213 	 0.634753 	 -4.902873 	 0.890762 	 0.541052 

 352.970801 	 0.178782 	 1.397652 	 0.636234 	 -4.908102 	 0.849879 	 0.522441 

 353.970718 	 0.165344 	 1.399979 	 0.637665 	 -4.912928 	 0.809023 	 0.503832 

 354.970635 	 0.151892 	 1.402194 	 0.639044 	 -4.917350 	 0.768197 	 0.485226 

 355.970552 	 0.138428 	 1.404298 	 0.640373 	 -4.921371 	 0.727404 	 0.466624 

 356.970470 	 0.124954 	 1.406289 	 0.641650 	 -4.924993 	 0.686647 	 0.448028 

 357.970387 	 0.111469 	 1.408169 	 0.642877 	 -4.928216 	 0.645929 	 0.429439 

 358.970304 	 0.097976 	 1.409938 	 0.644053 	 -4.931042 	 0.605253 	 0.410858 

 359.970221 	 0.084474 	 1.411595 	 0.645178 	 -4.933474 	 0.564622 	 0.392287 

 360.970139 	 0.070966 	 1.413141 	 0.646252 	 -4.935512 	 0.524038 	 0.373728 

 361.970056 	 0.057453 	 1.414576 	 0.647275 	 -4.937158 	 0.483505 	 0.355181 

 362.969973 	 0.043935 	 1.415900 	 0.648248 	 -4.938414 	 0.443025 	 0.336648 

 363.969890 	 0.030414 	 1.417113 	 0.649169 	 -4.939282 	 0.402601 	 0.318130 

 364.969807 	 0.016890 	 1.418215 	 0.650040 	 -4.939763 	 0.362236 	 0.299628 

 365.969746 	 0.003365 	 1.419207 	 0.650861 	 -4.939858 	 0.321932 	 0.281144 

 366.969664 	 -0.010160 	 1.420088 	 0.651631 	 -4.939570 	 0.281692 	 0.262680 

 367.969581 	 -0.023685 	 1.420859 	 0.652350 	 -4.938901 	 0.241519 	 0.244235 

 368.969498 	 -0.037208 	 1.421521 	 0.653018 	 -4.937851 	 0.201415 	 0.225812 

 369.969415 	 -0.050728 	 1.422072 	 0.653637 	 -4.936423 	 0.161383 	 0.207412 

 370.969333 	 -0.064243 	 1.422514 	 0.654205 	 -4.934618 	 0.121426 	 0.189036 

 371.969250 	 -0.077754 	 1.422847 	 0.654722 	 -4.932439 	 0.081545 	 0.170685 

 372.969167 	 -0.091259 	 1.423070 	 0.655190 	 -4.929887 	 0.041744 	 0.152360 

 373.969084 	 -0.104757 	 1.423184 	 0.655607 	 -4.926963 	 0.002025 	 0.134063 

 374.969001 	 -0.118247 	 1.423190 	 0.655974 	 -4.923670 	 -0.037610 	 0.115795 

 375.968919 	 -0.131728 	 1.423087 	 0.656291 	 -4.920009 	 -0.077158 	 0.097556 

 376.968836 	 -0.145199 	 1.422875 	 0.656558 	 -4.915982 	 -0.116616 	 0.079349 

 377.968753 	 -0.158659 	 1.422556 	 0.656775 	 -4.911592 	 -0.155984 	 0.061174 

 378.968670 	 -0.172107 	 1.422129 	 0.656943 	 -4.906839 	 -0.195257 	 0.043032 

 379.968588 	 -0.185542 	 1.421594 	 0.657060 	 -4.901726 	 -0.234434 	 0.024924 

 380.968505 	 -0.198963 	 1.420953 	 0.657129 	 -4.896254 	 -0.273513 	 0.006852 

 381.968422 	 -0.212369 	 1.420204 	 0.657147 	 -4.890425 	 -0.312491 	 -0.011184 

 382.968339 	 -0.225759 	 1.419348 	 0.657117 	 -4.884242 	 -0.351366 	 -0.029182 

 383.968256 	 -0.239132 	 1.418386 	 0.657037 	 -4.877705 	 -0.390136 	 -0.047141 

 384.968174 	 -0.252487 	 1.417318 	 0.656908 	 -4.870818 	 -0.428798 	 -0.065061 

 385.968091 	 -0.265824 	 1.416144 	 0.656730 	 -4.863581 	 -0.467351 	 -0.082940 

 386.968008 	 -0.279140 	 1.414864 	 0.656503 	 -4.855997 	 -0.505793 	 -0.100777 

 387.967925 	 -0.292436 	 1.413479 	 0.656227 	 -4.848067 	 -0.544121 	 -0.118571 

 388.967843 	 -0.305710 	 1.411990 	 0.655902 	 -4.839794 	 -0.582333 	 -0.136321 

 389.967760 	 -0.318961 	 1.410395 	 0.655529 	 -4.831179 	 -0.620427 	 -0.154027 

 390.967677 	 -0.332189 	 1.408696 	 0.655107 	 -4.822224 	 -0.658402 	 -0.171687 

 391.967594 	 -0.345392 	 1.406894 	 0.654637 	 -4.812931 	 -0.696255 	 -0.189300 

 392.967511 	 -0.358570 	 1.404987 	 0.654119 	 -4.803302 	 -0.733983 	 -0.206865 

 393.967429 	 -0.371721 	 1.402978 	 0.653552 	 -4.793339 	 -0.771586 	 -0.224382 

 394.967346 	 -0.384846 	 1.400865 	 0.652938 	 -4.783044 	 -0.809062 	 -0.241849 

 395.967263 	 -0.397942 	 1.398650 	 0.652276 	 -4.772418 	 -0.846407 	 -0.259266 

 396.967180 	 -0.411009 	 1.396332 	 0.651566 	 -4.761465 	 -0.883622 	 -0.276631 

 397.967098 	 -0.424045 	 1.393913 	 0.650809 	 -4.750184 	 -0.920702 	 -0.293944 

 398.967015 	 -0.437051 	 1.391392 	 0.650004 	 -4.738579 	 -0.957648 	 -0.311203 

 399.966932 	 -0.450026 	 1.388770 	 0.649152 	 -4.726651 	 -0.994457 	 -0.328408 

 400.966849 	 -0.462967 	 1.386047 	 0.648252 	 -4.714403 	 -1.031126 	 -0.345559 

 401.966766 	 -0.475875 	 1.383224 	 0.647306 	 -4.701836 	 -1.067655 	 -0.362653 

 402.966684 	 -0.488749 	 1.380301 	 0.646313 	 -4.688952 	 -1.104042 	 -0.379691 

 403.966601 	 -0.501587 	 1.377278 	 0.645274 	 -4.675753 	 -1.140284 	 -0.396671 

 404.966518 	 -0.514389 	 1.374156 	 0.644188 	 -4.662241 	 -1.176381 	 -0.413593 

 405.966435 	 -0.527155 	 1.370935 	 0.643055 	 -4.648417 	 -1.212330 	 -0.430455 

 406.966353 	 -0.539882 	 1.367616 	 0.641877 	 -4.634285 	 -1.248130 	 -0.447258 

 407.966270 	 -0.552571 	 1.364198 	 0.640652 	 -4.619845 	 -1.283779 	 -0.463999 

 408.966187 	 -0.565220 	 1.360683 	 0.639382 	 -4.605100 	 -1.319276 	 -0.480679 

 409.966104 	 -0.577829 	 1.357071 	 0.638066 	 -4.590052 	 -1.354618 	 -0.497296 

 410.966021 	 -0.590396 	 1.353362 	 0.636704 	 -4.574702 	 -1.389805 	 -0.513850 

 411.965939 	 -0.602922 	 1.349557 	 0.635297 	 -4.559052 	 -1.424834 	 -0.530340 

 412.965856 	 -0.615404 	 1.345656 	 0.633845 	 -4.543105 	 -1.459705 	 -0.546765 

 413.965773 	 -0.627843 	 1.341659 	 0.632348 	 -4.526862 	 -1.494415 	 -0.563124 

 414.965690 	 -0.640238 	 1.337567 	 0.630806 	 -4.510325 	 -1.528963 	 -0.579418 

 415.965608 	 -0.652587 	 1.333381 	 0.629220 	 -4.493497 	 -1.563348 	 -0.595644 

 416.965525 	 -0.664890 	 1.329100 	 0.627589 	 -4.476378 	 -1.597567 	 -0.611802 

 417.965442 	 -0.677147 	 1.324726 	 0.625914 	 -4.458971 	 -1.631620 	 -0.627891 

 418.965359 	 -0.689355 	 1.320259 	 0.624195 	 -4.441279 	 -1.665506 	 -0.643912 

 419.965276 	 -0.701516 	 1.315699 	 0.622431 	 -4.423301 	 -1.699222 	 -0.659862 

 420.965194 	 -0.713627 	 1.311046 	 0.620625 	 -4.405042 	 -1.732767 	 -0.675742 

 421.965111 	 -0.725688 	 1.306302 	 0.618775 	 -4.386502 	 -1.766140 	 -0.691550 

 422.965028 	 -0.737698 	 1.301466 	 0.616881 	 -4.367684 	 -1.799340 	 -0.707287 

 423.964945 	 -0.749657 	 1.296540 	 0.614945 	 -4.348589 	 -1.832365 	 -0.722950 

 424.964862 	 -0.761563 	 1.291523 	 0.612965 	 -4.329220 	 -1.865213 	 -0.738540 

 425.964780 	 -0.773416 	 1.286416 	 0.610943 	 -4.309577 	 -1.897884 	 -0.754056 

 426.964697 	 -0.785216 	 1.281219 	 0.608878 	 -4.289664 	 -1.930376 	 -0.769498 

 427.964614 	 -0.796961 	 1.275934 	 0.606772 	 -4.269482 	 -1.962688 	 -0.784863 

 428.964531 	 -0.808651 	 1.270560 	 0.604623 	 -4.249033 	 -1.994818 	 -0.800153 

 429.964449 	 -0.820285 	 1.265098 	 0.602432 	 -4.228318 	 -2.026765 	 -0.815366 

 430.964366 	 -0.831862 	 1.259549 	 0.600199 	 -4.207341 	 -2.058528 	 -0.830502 

 431.964283 	 -0.843382 	 1.253913 	 0.597925 	 -4.186101 	 -2.090106 	 -0.845560 

 432.964200 	 -0.854843 	 1.248190 	 0.595610 	 -4.164603 	 -2.121497 	 -0.860539 

 433.964117 	 -0.866246 	 1.242381 	 0.593254 	 -4.142846 	 -2.152701 	 -0.875439 

 434.964035 	 -0.877589 	 1.236487 	 0.590857 	 -4.120834 	 -2.183715 	 -0.890259 

 435.963952 	 -0.888872 	 1.230508 	 0.588420 	 -4.098568 	 -2.214539 	 -0.904999 

 436.963869 	 -0.900094 	 1.224445 	 0.585942 	 -4.076049 	 -2.245172 	 -0.919658 

 437.963786 	 -0.911254 	 1.218298 	 0.583424 	 -4.053281 	 -2.275612 	 -0.934235 

 438.963704 	 -0.922352 	 1.212067 	 0.580866 	 -4.030264 	 -2.305858 	 -0.948730 

 439.963621 	 -0.933387 	 1.205754 	 0.578268 	 -4.007001 	 -2.335910 	 -0.963143 

 440.963538 	 -0.944358 	 1.199358 	 0.575631 	 -3.983494 	 -2.365765 	 -0.977472 

 441.963455 	 -0.955265 	 1.192880 	 0.572955 	 -3.959743 	 -2.395423 	 -0.991717 

 442.963372 	 -0.966106 	 1.186322 	 0.570239 	 -3.935752 	 -2.424883 	 -1.005878 

 443.963290 	 -0.976883 	 1.179682 	 0.567485 	 -3.911522 	 -2.454144 	 -1.019954 

 444.963207 	 -0.987592 	 1.172963 	 0.564693 	 -3.887054 	 -2.483204 	 -1.033944 

 445.963124 	 -0.998235 	 1.166164 	 0.561862 	 -3.862351 	 -2.512062 	 -1.047848 

 446.963041 	 -1.008810 	 1.159286 	 0.558993 	 -3.837415 	 -2.540718 	 -1.061665 

 447.962959 	 -1.019317 	 1.152329 	 0.556086 	 -3.812247 	 -2.569170 	 -1.075396 

 448.962876 	 -1.029755 	 1.145295 	 0.553141 	 -3.786849 	 -2.597418 	 -1.089038 

 449.962793 	 -1.040123 	 1.138183 	 0.550160 	 -3.761223 	 -2.625460 	 -1.102593 

 450.962710 	 -1.050422 	 1.130995 	 0.547141 	 -3.735371 	 -2.653294 	 -1.116058 

 451.962627 	 -1.060649 	 1.123730 	 0.544085 	 -3.709295 	 -2.680922 	 -1.129435 

 452.962545 	 -1.070805 	 1.116390 	 0.540993 	 -3.682996 	 -2.708340 	 -1.142722 

 453.962462 	 -1.080889 	 1.108974 	 0.537864 	 -3.656477 	 -2.735549 	 -1.155918 

 454.962379 	 -1.090900 	 1.101484 	 0.534699 	 -3.629738 	 -2.762546 	 -1.169024 

 455.962296 	 -1.100839 	 1.093921 	 0.531498 	 -3.602783 	 -2.789332 	 -1.182038 

 456.962214 	 -1.110703 	 1.086283 	 0.528262 	 -3.575612 	 -2.815906 	 -1.194961 

 457.962131 	 -1.120493 	 1.078573 	 0.524990 	 -3.548228 	 -2.842265 	 -1.207791 

 458.962048 	 -1.130208 	 1.070791 	 0.521683 	 -3.520632 	 -2.868411 	 -1.220529 

 459.961965 	 -1.139848 	 1.062938 	 0.518341 	 -3.492827 	 -2.894340 	 -1.233174 

 460.961882 	 -1.149411 	 1.055013 	 0.514965 	 -3.464813 	 -2.920053 	 -1.245724 

 461.961800 	 -1.158898 	 1.047018 	 0.511554 	 -3.436593 	 -2.945549 	 -1.258181 

 462.961717 	 -1.168307 	 1.038953 	 0.508109 	 -3.408168 	 -2.970826 	 -1.270543 

 463.961634 	 -1.177639 	 1.030819 	 0.504630 	 -3.379541 	 -2.995884 	 -1.282810 

 464.961551 	 -1.186892 	 1.022616 	 0.501118 	 -3.350713 	 -3.020722 	 -1.294982 

 465.961469 	 -1.196066 	 1.014345 	 0.497572 	 -3.321686 	 -3.045339 	 -1.307057 

 466.961386 	 -1.205161 	 1.006007 	 0.493994 	 -3.292462 	 -3.069734 	 -1.319036 

 467.961303 	 -1.214176 	 0.997602 	 0.490382 	 -3.263042 	 -3.093907 	 -1.330918 

 468.961220 	 -1.223110 	 0.989131 	 0.486738 	 -3.233428 	 -3.117855 	 -1.342703 

 469.961137 	 -1.231963 	 0.980594 	 0.483062 	 -3.203622 	 -3.141580 	 -1.354390 

 470.961055 	 -1.240734 	 0.971993 	 0.479353 	 -3.173626 	 -3.165078 	 -1.365979 

 471.960972 	 -1.249424 	 0.963327 	 0.475613 	 -3.143441 	 -3.188351 	 -1.377469 

 472.960889 	 -1.258031 	 0.954597 	 0.471842 	 -3.113070 	 -3.211397 	 -1.388861 

 473.960806 	 -1.266554 	 0.945804 	 0.468039 	 -3.082514 	 -3.234215 	 -1.400152 

 474.960724 	 -1.274994 	 0.936949 	 0.464205 	 -3.051775 	 -3.256804 	 -1.411344 

 475.960641 	 -1.283350 	 0.928032 	 0.460341 	 -3.020854 	 -3.279164 	 -1.422435 

 476.960558 	 -1.291621 	 0.919053 	 0.456447 	 -2.989753 	 -3.301294 	 -1.433426 

 477.960475 	 -1.299807 	 0.910015 	 0.452522 	 -2.958475 	 -3.323192 	 -1.444315 

 478.960392 	 -1.307907 	 0.900916 	 0.448567 	 -2.927021 	 -3.344859 	 -1.455103 

 479.960310 	 -1.315921 	 0.891757 	 0.444583 	 -2.895392 	 -3.366293 	 -1.465789 

 480.960227 	 -1.323849 	 0.882540 	 0.440570 	 -2.863590 	 -3.387493 	 -1.476372 

 481.960144 	 -1.331690 	 0.873266 	 0.436528 	 -2.831617 	 -3.408459 	 -1.486853 

 482.960061 	 -1.339442 	 0.863933 	 0.432457 	 -2.799476 	 -3.429190 	 -1.497230 

 483.959979 	 -1.347107 	 0.854544 	 0.428357 	 -2.767167 	 -3.449686 	 -1.507504 

 484.959896 	 -1.354684 	 0.845099 	 0.424230 	 -2.734692 	 -3.469945 	 -1.517674 

 485.959813 	 -1.362172 	 0.835598 	 0.420074 	 -2.702053 	 -3.489966 	 -1.527739 

 486.959730 	 -1.369570 	 0.826043 	 0.415891 	 -2.669252 	 -3.509750 	 -1.537700 

 487.959647 	 -1.376878 	 0.816433 	 0.411681 	 -2.636291 	 -3.529295 	 -1.547555 

 488.959565 	 -1.384096 	 0.806770 	 0.407444 	 -2.603170 	 -3.548600 	 -1.557305 

 489.959482 	 -1.391224 	 0.797054 	 0.403180 	 -2.569893 	 -3.567665 	 -1.566949 

 490.959399 	 -1.398260 	 0.787285 	 0.398890 	 -2.536461 	 -3.586489 	 -1.576486 

 491.959316 	 -1.405205 	 0.777466 	 0.394573 	 -2.502875 	 -3.605071 	 -1.585917 

 492.959234 	 -1.412058 	 0.767595 	 0.390231 	 -2.469137 	 -3.623411 	 -1.595240 

 493.959151 	 -1.418818 	 0.757674 	 0.385863 	 -2.435249 	 -3.641508 	 -1.604457 

 494.959068 	 -1.425486 	 0.747703 	 0.381470 	 -2.401213 	 -3.659361 	 -1.613565 

 495.958985 	 -1.432061 	 0.737684 	 0.377052 	 -2.367030 	 -3.676969 	 -1.622565 

 496.958902 	 -1.438542 	 0.727617 	 0.372610 	 -2.332702 	 -3.694332 	 -1.631457 

 497.958820 	 -1.444928 	 0.717502 	 0.368143 	 -2.298231 	 -3.711449 	 -1.640239 

 498.958737 	 -1.451221 	 0.707340 	 0.363652 	 -2.263619 	 -3.728320 	 -1.648913 

 499.958654 	 -1.457419 	 0.697131 	 0.359137 	 -2.228867 	 -3.744943 	 -1.657476 

 500.958571 	 -1.463521 	 0.686878 	 0.354599 	 -2.193977 	 -3.761318 	 -1.665930 

 501.958489 	 -1.469529 	 0.676579 	 0.350038 	 -2.158951 	 -3.777444 	 -1.674273 

 502.958406 	 -1.475440 	 0.666237 	 0.345453 	 -2.123790 	 -3.793321 	 -1.682505 

 503.958323 	 -1.481255 	 0.655851 	 0.340847 	 -2.088497 	 -3.808948 	 -1.690626 

 504.958240 	 -1.486973 	 0.645422 	 0.336218 	 -2.053072 	 -3.824324 	 -1.698636 

 505.958157 	 -1.492594 	 0.634951 	 0.331567 	 -2.017518 	 -3.839448 	 -1.706534 

 506.958075 	 -1.498118 	 0.624438 	 0.326894 	 -1.981837 	 -3.854321 	 -1.714320 

 507.957992 	 -1.503545 	 0.613885 	 0.322201 	 -1.946030 	 -3.868941 	 -1.721993 

 508.957909 	 -1.508873 	 0.603292 	 0.317486 	 -1.910098 	 -3.883307 	 -1.729554 

 509.957826 	 -1.514103 	 0.592659 	 0.312750 	 -1.874045 	 -3.897419 	 -1.737001 

 510.957744 	 -1.519234 	 0.581988 	 0.307994 	 -1.837870 	 -3.911277 	 -1.744335 

 511.957661 	 -1.524266 	 0.571279 	 0.303218 	 -1.801577 	 -3.924879 	 -1.751554 

 512.957578 	 -1.529199 	 0.560533 	 0.298423 	 -1.765166 	 -3.938226 	 -1.758660 

 513.957495 	 -1.534032 	 0.549750 	 0.293607 	 -1.728640 	 -3.951316 	 -1.765651 

 514.957412 	 -1.538765 	 0.538931 	 0.288773 	 -1.692001 	 -3.964148 	 -1.772527 

 515.957330 	 -1.543397 	 0.528078 	 0.283920 	 -1.655249 	 -3.976723 	 -1.779287 

 516.957247 	 -1.547929 	 0.517189 	 0.279048 	 -1.618387 	 -3.989039 	 -1.785933 

 517.957164 	 -1.552361 	 0.506267 	 0.274158 	 -1.581417 	 -4.001096 	 -1.792462 

 518.957081 	 -1.556690 	 0.495312 	 0.269251 	 -1.544340 	 -4.012893 	 -1.798875 

 519.956998 	 -1.560919 	 0.484325 	 0.264325 	 -1.507158 	 -4.024430 	 -1.805171 

 520.956916 	 -1.565045 	 0.473306 	 0.259383 	 -1.469873 	 -4.035706 	 -1.811351 

 521.956833 	 -1.569070 	 0.462256 	 0.254423 	 -1.432486 	 -4.046720 	 -1.817413 

 522.956750 	 -1.572992 	 0.451176 	 0.249447 	 -1.395000 	 -4.057472 	 -1.823357 

 523.956667 	 -1.576812 	 0.440067 	 0.244455 	 -1.357416 	 -4.067962 	 -1.829184 

 524.956585 	 -1.580528 	 0.428929 	 0.239447 	 -1.319735 	 -4.078188 	 -1.834893 

 525.956502 	 -1.584142 	 0.417763 	 0.234423 	 -1.281960 	 -4.088149 	 -1.840483 

 526.956419 	 -1.587652 	 0.406570 	 0.229383 	 -1.244093 	 -4.097847 	 -1.845954 

 527.956336 	 -1.591058 	 0.395350 	 0.224329 	 -1.206135 	 -4.107279 	 -1.851306 

 528.956253 	 -1.594360 	 0.384104 	 0.219260 	 -1.168087 	 -4.116445 	 -1.856538 

 529.956171 	 -1.597559 	 0.372833 	 0.214177 	 -1.129952 	 -4.125345 	 -1.861651 

 530.956088 	 -1.600652 	 0.361538 	 0.209080 	 -1.091732 	 -4.133977 	 -1.866643 

 531.956005 	 -1.603642 	 0.350219 	 0.203969 	 -1.053428 	 -4.142343 	 -1.871515 

 532.955922 	 -1.606526 	 0.338877 	 0.198845 	 -1.015042 	 -4.150440 	 -1.876266 

 533.955840 	 -1.609305 	 0.327513 	 0.193708 	 -0.976576 	 -4.158268 	 -1.880896 

 534.955757 	 -1.611979 	 0.316128 	 0.188558 	 -0.938031 	 -4.165827 	 -1.885405 

 535.955674 	 -1.614547 	 0.304722 	 0.183395 	 -0.899410 	 -4.173116 	 -1.889792 

 536.955591 	 -1.617010 	 0.293296 	 0.178221 	 -0.860714 	 -4.180135 	 -1.894057 

 537.955508 	 -1.619366 	 0.281851 	 0.173035 	 -0.821946 	 -4.186883 	 -1.898199 

 538.955426 	 -1.621617 	 0.270387 	 0.167838 	 -0.783106 	 -4.193359 	 -1.902219 

 539.955343 	 -1.623761 	 0.258906 	 0.162630 	 -0.744197 	 -4.199563 	 -1.906116 

 540.955260 	 -1.625799 	 0.247407 	 0.157411 	 -0.705220 	 -4.205494 	 -1.909890 

 541.955177 	 -1.627730 	 0.235893 	 0.152181 	 -0.666178 	 -4.211152 	 -1.913540 

 542.955095 	 -1.629554 	 0.224363 	 0.146942 	 -0.627072 	 -4.216536 	 -1.917066 

 543.955012 	 -1.631271 	 0.212818 	 0.141693 	 -0.587904 	 -4.221646 	 -1.920469 

 544.954929 	 -1.632880 	 0.201259 	 0.136435 	 -0.548675 	 -4.226481 	 -1.923746 

 545.954846 	 -1.634382 	 0.189687 	 0.131168 	 -0.509389 	 -4.231041 	 -1.926899 

 546.954763 	 -1.635777 	 0.178102 	 0.125892 	 -0.470046 	 -4.235324 	 -1.929927 

 547.954681 	 -1.637064 	 0.166506 	 0.120608 	 -0.430649 	 -4.239332 	 -1.932830 

 548.954598 	 -1.638243 	 0.154899 	 0.115316 	 -0.391199 	 -4.243062 	 -1.935607 

 549.954515 	 -1.639314 	 0.143281 	 0.110016 	 -0.351698 	 -4.246514 	 -1.938257 

 550.954432 	 -1.640277 	 0.131654 	 0.104709 	 -0.312148 	 -4.249688 	 -1.940782 

 551.954350 	 -1.641132 	 0.120018 	 0.099395 	 -0.272552 	 -4.252584 	 -1.943180 

 552.954267 	 -1.641878 	 0.108375 	 0.094075 	 -0.232910 	 -4.255201 	 -1.945452 

 553.954184 	 -1.642516 	 0.096724 	 0.088748 	 -0.193225 	 -4.257538 	 -1.947596 

 554.954101 	 -1.643045 	 0.085067 	 0.083416 	 -0.153499 	 -4.259595 	 -1.949613 

 555.954018 	 -1.643465 	 0.073404 	 0.078078 	 -0.113733 	 -4.261371 	 -1.951502 

 556.953936 	 -1.643777 	 0.061737 	 0.072734 	 -0.073930 	 -4.262866 	 -1.953263 

 557.953853 	 -1.643979 	 0.050065 	 0.067386 	 -0.034091 	 -4.264079 	 -1.954896 

 558.953770 	 -1.644072 	 0.038390 	 0.062034 	 0.005781 	 -4.265010 	 -1.956401 

 559.953687 	 -1.644057 	 0.026712 	 0.056677 	 0.045685 	 -4.265658 	 -1.957776 

 560.953605 	 -1.643932 	 0.015033 	 0.051317 	 0.085618 	 -4.266023 	 -1.959023 

 561.953522 	 -1.643697 	 0.003352 	 0.045953 	 0.125579 	 -4.266105 	 -1.960140 

 562.953439 	 -1.643353 	 -0.008328 	 0.040586 	 0.165566 	 -4.265902 	 -1.961128 

 563.953356 	 -1.642900 	 -0.020008 	 0.035217 	 0.205577 	 -4.265415 	 -1.961985 

 564.953273 	 -1.642337 	 -0.031687 	 0.029845 	 0.245609 	 -4.264643 	 -1.962713 

 565.953191 	 -1.641665 	 -0.043363 	 0.024471 	 0.285661 	 -4.263585 	 -1.963310 

 566.953108 	 -1.640882 	 -0.055037 	 0.019095 	 0.325731 	 -4.262241 	 -1.963776 

 567.953025 	 -1.639991 	 -0.066707 	 0.013718 	 0.365817 	 -4.260610 	 -1.964111 

 568.952942 	 -1.638989 	 -0.078373 	 0.008341 	 0.405916 	 -4.258693 	 -1.964315 

 569.952860 	 -1.637878 	 -0.090033 	 0.002962 	 0.446027 	 -4.256488 	 -1.964388 

 570.952777 	 -1.636656 	 -0.101687 	 -0.002416 	 0.486147 	 -4.253995 	 -1.964329 

 571.952694 	 -1.635325 	 -0.113335 	 -0.007794 	 0.526275 	 -4.251214 	 -1.964137 

 572.952611 	 -1.633884 	 -0.124975 	 -0.013172 	 0.566409 	 -4.248144 	 -1.963814 

 573.952528 	 -1.632334 	 -0.136606 	 -0.018549 	 0.606546 	 -4.244785 	 -1.963358 

 574.952446 	 -1.630673 	 -0.148228 	 -0.023925 	 0.646684 	 -4.241137 	 -1.962769 

 575.952363 	 -1.628902 	 -0.159840 	 -0.029299 	 0.686822 	 -4.237198 	 -1.962047 

 576.952280 	 -1.627022 	 -0.171442 	 -0.034671 	 0.726957 	 -4.232969 	 -1.961192 

 577.952197 	 -1.625031 	 -0.183032 	 -0.040041 	 0.767087 	 -4.228449 	 -1.960203 

 578.952115 	 -1.622931 	 -0.194609 	 -0.045408 	 0.807209 	 -4.223638 	 -1.959080 

 579.952032 	 -1.620721 	 -0.206174 	 -0.050772 	 0.847323 	 -4.218535 	 -1.957824 

 580.951949 	 -1.618401 	 -0.217724 	 -0.056132 	 0.887425 	 -4.213140 	 -1.956433 

 581.951866 	 -1.615971 	 -0.229259 	 -0.061489 	 0.927513 	 -4.207453 	 -1.954907 

 582.951783 	 -1.613432 	 -0.240779 	 -0.066841 	 0.967586 	 -4.201472 	 -1.953247 

 583.951701 	 -1.610782 	 -0.252283 	 -0.072189 	 1.007641 	 -4.195199 	 -1.951452 

 584.951618 	 -1.608023 	 -0.263770 	 -0.077533 	 1.047676 	 -4.188632 	 -1.949522 

 585.951535 	 -1.605155 	 -0.275238 	 -0.082870 	 1.087689 	 -4.181771 	 -1.947456 

 586.951452 	 -1.602177 	 -0.286688 	 -0.088202 	 1.127677 	 -4.174616 	 -1.945255 

 587.951370 	 -1.599089 	 -0.298118 	 -0.093529 	 1.167638 	 -4.167166 	 -1.942917 

 588.951287 	 -1.595892 	 -0.309528 	 -0.098848 	 1.207571 	 -4.159421 	 -1.940444 

 589.951204 	 -1.592586 	 -0.320916 	 -0.104161 	 1.247472 	 -4.151380 	 -1.937834 

 590.951121 	 -1.589170 	 -0.332282 	 -0.109467 	 1.287340 	 -4.143044 	 -1.935088 

 591.951038 	 -1.585646 	 -0.343626 	 -0.114765 	 1.327172 	 -4.134412 	 -1.932205 

 592.950956 	 -1.582012 	 -0.354946 	 -0.120056 	 1.366966 	 -4.125484 	 -1.929185 

 593.950873 	 -1.578269 	 -0.366242 	 -0.125338 	 1.406719 	 -4.116259 	 -1.926028 

 594.950790 	 -1.574417 	 -0.377512 	 -0.130611 	 1.446430 	 -4.106737 	 -1.922734 

 595.950707 	 -1.570457 	 -0.388756 	 -0.135876 	 1.486096 	 -4.096918 	 -1.919302 

 596.950625 	 -1.566388 	 -0.399974 	 -0.141131 	 1.525715 	 -4.086801 	 -1.915732 

 597.950542 	 -1.562211 	 -0.411163 	 -0.146376 	 1.565284 	 -4.076387 	 -1.912025 

 598.950459 	 -1.557925 	 -0.422324 	 -0.151611 	 1.604801 	 -4.065675 	 -1.908179 

 599.950376 	 -1.553531 	 -0.433456 	 -0.156836 	 1.644264 	 -4.054664 	 -1.904195 

 600.950293 	 -1.549029 	 -0.444558 	 -0.162049 	 1.683670 	 -4.043355 	 -1.900073 

 601.950211 	 -1.544419 	 -0.455629 	 -0.167252 	 1.723016 	 -4.031747 	 -1.895812 

 602.950128 	 -1.539702 	 -0.466668 	 -0.172443 	 1.762301 	 -4.019840 	 -1.891412 

 603.950045 	 -1.534876 	 -0.477674 	 -0.177621 	 1.801522 	 -4.007634 	 -1.886873 

 604.949962 	 -1.529944 	 -0.488647 	 -0.182787 	 1.840676 	 -3.995129 	 -1.882195 

 605.949880 	 -1.524904 	 -0.499585 	 -0.187941 	 1.879762 	 -3.982324 	 -1.877378 

 606.949797 	 -1.519757 	 -0.510489 	 -0.193081 	 1.918776 	 -3.969219 	 -1.872422 

 607.949714 	 -1.514504 	 -0.521357 	 -0.198208 	 1.957716 	 -3.955814 	 -1.867325 

 608.949631 	 -1.509143 	 -0.532188 	 -0.203321 	 1.996580 	 -3.942109 	 -1.862089 

 609.949548 	 -1.503677 	 -0.542981 	 -0.208419 	 2.035364 	 -3.928104 	 -1.856714 

 610.949466 	 -1.498104 	 -0.553736 	 -0.213503 	 2.074068 	 -3.913798 	 -1.851198 

 611.949383 	 -1.492425 	 -0.564452 	 -0.218571 	 2.112687 	 -3.899192 	 -1.845542 

 612.949300 	 -1.486641 	 -0.575128 	 -0.223624 	 2.151219 	 -3.884285 	 -1.839746 

 613.949217 	 -1.480751 	 -0.585764 	 -0.228662 	 2.189663 	 -3.869077 	 -1.833809 

 614.949134 	 -1.474755 	 -0.596357 	 -0.233683 	 2.228014 	 -3.853569 	 -1.827732 

 615.949052 	 -1.468655 	 -0.606908 	 -0.238687 	 2.266272 	 -3.837759 	 -1.821515 

 616.948969 	 -1.462450 	 -0.617416 	 -0.243674 	 2.304432 	 -3.821649 	 -1.815156 

 617.948886 	 -1.456140 	 -0.627880 	 -0.248644 	 2.342492 	 -3.805237 	 -1.808657 

 618.948803 	 -1.449727 	 -0.638298 	 -0.253596 	 2.380451 	 -3.788525 	 -1.802017 

 619.948721 	 -1.443209 	 -0.648671 	 -0.258530 	 2.418304 	 -3.771511 	 -1.795236 

 620.948638 	 -1.436588 	 -0.658998 	 -0.263445 	 2.456050 	 -3.754196 	 -1.788314 

 621.948555 	 -1.429863 	 -0.669277 	 -0.268342 	 2.493685 	 -3.736580 	 -1.781251 

 622.948472 	 -1.423035 	 -0.679508 	 -0.273219 	 2.531208 	 -3.718663 	 -1.774047 

 623.948389 	 -1.416105 	 -0.689689 	 -0.278076 	 2.568614 	 -3.700445 	 -1.766702 

 624.948307 	 -1.409072 	 -0.699821 	 -0.282914 	 2.605903 	 -3.681925 	 -1.759215 

 625.948224 	 -1.401937 	 -0.709902 	 -0.287730 	 2.643069 	 -3.663105 	 -1.751587 

 626.948141 	 -1.394700 	 -0.719932 	 -0.292526 	 2.680112 	 -3.643984 	 -1.743818 

 627.948058 	 -1.387362 	 -0.729909 	 -0.297301 	 2.717028 	 -3.624562 	 -1.735907 

 628.947976 	 -1.379923 	 -0.739833 	 -0.302054 	 2.753814 	 -3.604839 	 -1.727855 

 629.947893 	 -1.372383 	 -0.749703 	 -0.306784 	 2.790468 	 -3.584816 	 -1.719661 

 630.947810 	 -1.364743 	 -0.759518 	 -0.311493 	 2.826987 	 -3.564493 	 -1.711326 

 631.947727 	 -1.357002 	 -0.769278 	 -0.316179 	 2.863367 	 -3.543869 	 -1.702849 

 632.947644 	 -1.349162 	 -0.778981 	 -0.320841 	 2.899606 	 -3.522945 	 -1.694231 

 633.947562 	 -1.341223 	 -0.788627 	 -0.325480 	 2.935701 	 -3.501721 	 -1.685472 

 634.947479 	 -1.333185 	 -0.798215 	 -0.330095 	 2.971650 	 -3.480198 	 -1.676571 

 635.947396 	 -1.325049 	 -0.807743 	 -0.334685 	 3.007449 	 -3.458375 	 -1.667529 

 636.947313 	 -1.316815 	 -0.817212 	 -0.339251 	 3.043095 	 -3.436253 	 -1.658346 

 637.947231 	 -1.308483 	 -0.826621 	 -0.343791 	 3.078585 	 -3.413833 	 -1.649021 

 638.947148 	 -1.300053 	 -0.835968 	 -0.348306 	 3.113917 	 -3.391113 	 -1.639555 

 639.947065 	 -1.291528 	 -0.845253 	 -0.352795 	 3.149087 	 -3.368096 	 -1.629948 

 640.946982 	 -1.282905 	 -0.854475 	 -0.357258 	 3.184093 	 -3.344780 	 -1.620199 

 641.946899 	 -1.274187 	 -0.863633 	 -0.361694 	 3.218931 	 -3.321167 	 -1.610310 

 642.946817 	 -1.265374 	 -0.872726 	 -0.366103 	 3.253599 	 -3.297257 	 -1.600280 

 643.946734 	 -1.256466 	 -0.881754 	 -0.370485 	 3.288092 	 -3.273050 	 -1.590109 

 644.946651 	 -1.247463 	 -0.890715 	 -0.374839 	 3.322410 	 -3.248547 	 -1.579797 

 645.946568 	 -1.238366 	 -0.899610 	 -0.379164 	 3.356547 	 -3.223748 	 -1.569345 

 646.946486 	 -1.229176 	 -0.908437 	 -0.383461 	 3.390501 	 -3.198654 	 -1.558753 

 647.946403 	 -1.219893 	 -0.917195 	 -0.387729 	 3.424270 	 -3.173264 	 -1.548020 

 648.946320 	 -1.210517 	 -0.925883 	 -0.391967 	 3.457849 	 -3.147581 	 -1.537147 

 649.946237 	 -1.201049 	 -0.934501 	 -0.396176 	 3.491236 	 -3.121603 	 -1.526134 

 650.946154 	 -1.191490 	 -0.943048 	 -0.400355 	 3.524428 	 -3.095332 	 -1.514981 

 651.946072 	 -1.181840 	 -0.951523 	 -0.404503 	 3.557421 	 -3.068769 	 -1.503688 

 652.945989 	 -1.172100 	 -0.959925 	 -0.408620 	 3.590213 	 -3.041913 	 -1.492257 

 653.945906 	 -1.162270 	 -0.968254 	 -0.412705 	 3.622799 	 -3.014766 	 -1.480686 

 654.945823 	 -1.152351 	 -0.976508 	 -0.416760 	 3.655178 	 -2.987329 	 -1.468976 

 655.945741 	 -1.142343 	 -0.984688 	 -0.420782 	 3.687345 	 -2.959601 	 -1.457127 

 656.945658 	 -1.132247 	 -0.992791 	 -0.424771 	 3.719297 	 -2.931584 	 -1.445140 

 657.945575 	 -1.122064 	 -1.000818 	 -0.428728 	 3.751032 	 -2.903279 	 -1.433014 

 658.945492 	 -1.111793 	 -1.008767 	 -0.432652 	 3.782545 	 -2.874685 	 -1.420751 

 659.945409 	 -1.101437 	 -1.016638 	 -0.436542 	 3.813835 	 -2.845805 	 -1.408350 

 660.945327 	 -1.090995 	 -1.024430 	 -0.440398 	 3.844896 	 -2.816639 	 -1.395811 

 661.945244 	 -1.080467 	 -1.032142 	 -0.444219 	 3.875726 	 -2.787187 	 -1.383136 

 662.945161 	 -1.069855 	 -1.039773 	 -0.448006 	 3.906323 	 -2.757452 	 -1.370323 

 663.945078 	 -1.059160 	 -1.047323 	 -0.451758 	 3.936681 	 -2.727432 	 -1.357375 

 664.944996 	 -1.048381 	 -1.054791 	 -0.455475 	 3.966799 	 -2.697131 	 -1.344290 

 665.944913 	 -1.037520 	 -1.062175 	 -0.459156 	 3.996672 	 -2.666548 	 -1.331070 

 666.944830 	 -1.026577 	 -1.069476 	 -0.462800 	 4.026298 	 -2.635684 	 -1.317714 

 667.944747 	 -1.015553 	 -1.076693 	 -0.466408 	 4.055672 	 -2.604541 	 -1.304223 

 668.944664 	 -1.004449 	 -1.083824 	 -0.469979 	 4.084792 	 -2.573120 	 -1.290598 

 669.944582 	 -0.993265 	 -1.090869 	 -0.473513 	 4.113654 	 -2.541422 	 -1.276839 

 670.944499 	 -0.982002 	 -1.097828 	 -0.477009 	 4.142255 	 -2.509447 	 -1.262946 

 671.944416 	 -0.970660 	 -1.104699 	 -0.480466 	 4.170591 	 -2.477198 	 -1.248920 

 672.944333 	 -0.959241 	 -1.111481 	 -0.483886 	 4.198659 	 -2.444676 	 -1.234761 

 673.944251 	 -0.947745 	 -1.118175 	 -0.487267 	 4.226456 	 -2.411881 	 -1.220470 

 674.944168 	 -0.936173 	 -1.124778 	 -0.490608 	 4.253977 	 -2.378815 	 -1.206047 

 675.944085 	 -0.924526 	 -1.131292 	 -0.493911 	 4.281220 	 -2.345479 	 -1.191493 

 676.944002 	 -0.912804 	 -1.137713 	 -0.497173 	 4.308181 	 -2.311875 	 -1.176808 

 677.943919 	 -0.901008 	 -1.144043 	 -0.500395 	 4.334856 	 -2.278004 	 -1.161994 

 678.943837 	 -0.889139 	 -1.150281 	 -0.503577 	 4.361243 	 -2.243868 	 -1.147049 

 679.943754 	 -0.877198 	 -1.156424 	 -0.506717 	 4.387337 	 -2.209468 	 -1.131976 

 680.943671 	 -0.865185 	 -1.162474 	 -0.509817 	 4.413135 	 -2.174805 	 -1.116774 

 681.943588 	 -0.853102 	 -1.168428 	 -0.512874 	 4.438634 	 -2.139881 	 -1.101445 

 682.943506 	 -0.840949 	 -1.174287 	 -0.515890 	 4.463829 	 -2.104699 	 -1.085988 

 683.943423 	 -0.828727 	 -1.180050 	 -0.518863 	 4.488719 	 -2.069258 	 -1.070405 

 684.943340 	 -0.816437 	 -1.185716 	 -0.521794 	 4.513298 	 -2.033562 	 -1.054696 

 685.943257 	 -0.804080 	 -1.191284 	 -0.524682 	 4.537563 	 -1.997611 	 -1.038862 

 686.943174 	 -0.791656 	 -1.196753 	 -0.527526 	 4.561512 	 -1.961407 	 -1.022904 

 687.943092 	 -0.779167 	 -1.202123 	 -0.530327 	 4.585140 	 -1.924953 	 -1.006822 

 688.943009 	 -0.766612 	 -1.207394 	 -0.533084 	 4.608444 	 -1.888251 	 -0.990617 

 689.942926 	 -0.753994 	 -1.212564 	 -0.535796 	 4.631420 	 -1.851301 	 -0.974290 

 690.942843 	 -0.741314 	 -1.217633 	 -0.538464 	 4.654065 	 -1.814106 	 -0.957842 

 691.942761 	 -0.728571 	 -1.222600 	 -0.541086 	 4.676375 	 -1.776668 	 -0.941273 

 692.942678 	 -0.715767 	 -1.227464 	 -0.543663 	 4.698346 	 -1.738989 	 -0.924584 

 693.942595 	 -0.702903 	 -1.232226 	 -0.546195 	 4.719976 	 -1.701071 	 -0.907777 

 694.942512 	 -0.689980 	 -1.236883 	 -0.548680 	 4.741260 	 -1.662916 	 -0.890851 

 695.942429 	 -0.676998 	 -1.241436 	 -0.551120 	 4.762195 	 -1.624527 	 -0.873809 

 696.942347 	 -0.663959 	 -1.245884 	 -0.553512 	 4.782778 	 -1.585904 	 -0.856650 

 697.942264 	 -0.650864 	 -1.250226 	 -0.555858 	 4.803004 	 -1.547052 	 -0.839376 

 698.942181 	 -0.637713 	 -1.254462 	 -0.558156 	 4.822871 	 -1.507972 	 -0.821987 

 699.942098 	 -0.624508 	 -1.258591 	 -0.560406 	 4.842375 	 -1.468665 	 -0.804486 

 700.942016 	 -0.611250 	 -1.262612 	 -0.562609 	 4.861511 	 -1.429136 	 -0.786872 

 701.941933 	 -0.597939 	 -1.266525 	 -0.564764 	 4.880278 	 -1.389386 	 -0.769147 

 702.941850 	 -0.584577 	 -1.270329 	 -0.566869 	 4.898671 	 -1.349417 	 -0.751311 

 703.941767 	 -0.571164 	 -1.274024 	 -0.568927 	 4.916686 	 -1.309232 	 -0.733366 

 704.941684 	 -0.557702 	 -1.277609 	 -0.570935 	 4.934321 	 -1.268835 	 -0.715313 

 705.941602 	 -0.544192 	 -1.281083 	 -0.572893 	 4.951571 	 -1.228226 	 -0.697153 

 706.941519 	 -0.530635 	 -1.284446 	 -0.574802 	 4.968433 	 -1.187410 	 -0.678888 

 707.941436 	 -0.517031 	 -1.287697 	 -0.576661 	 4.984904 	 -1.146388 	 -0.660517 

 708.941353 	 -0.503383 	 -1.290836 	 -0.578469 	 5.000980 	 -1.105163 	 -0.642043 

 709.941270 	 -0.489690 	 -1.293862 	 -0.580227 	 5.016658 	 -1.063740 	 -0.623467 

 710.941188 	 -0.475954 	 -1.296774 	 -0.581934 	 5.031934 	 -1.022119 	 -0.604789 

 711.941105 	 -0.462177 	 -1.299573 	 -0.583590 	 5.046805 	 -0.980304 	 -0.586012 

 712.941022 	 -0.448359 	 -1.302257 	 -0.585195 	 5.061267 	 -0.938299 	 -0.567136 

 713.940939 	 -0.434501 	 -1.304826 	 -0.586747 	 5.075317 	 -0.896105 	 -0.548162 

 714.940857 	 -0.420605 	 -1.307279 	 -0.588248 	 5.088952 	 -0.853727 	 -0.529093 

 715.940774 	 -0.406671 	 -1.309617 	 -0.589697 	 5.102168 	 -0.811167 	 -0.509929 

 716.940691 	 -0.392701 	 -1.311838 	 -0.591093 	 5.114962 	 -0.768429 	 -0.490672 

 717.940608 	 -0.378697 	 -1.313942 	 -0.592436 	 5.127330 	 -0.725515 	 -0.471323 

 718.940525 	 -0.364658 	 -1.315928 	 -0.593727 	 5.139269 	 -0.682430 	 -0.451883 

 719.940443 	 -0.350587 	 -1.317797 	 -0.594964 	 5.150777 	 -0.639176 	 -0.432355 

 720.940360 	 -0.336484 	 -1.319547 	 -0.596148 	 5.161849 	 -0.595756 	 -0.412739 

 721.940277 	 -0.322351 	 -1.321178 	 -0.597278 	 5.172482 	 -0.552175 	 -0.393037 

 722.940194 	 -0.308188 	 -1.322690 	 -0.598354 	 5.182673 	 -0.508436 	 -0.373250 

 723.940112 	 -0.293998 	 -1.324082 	 -0.599376 	 5.192419 	 -0.464542 	 -0.353380 

 724.940029 	 -0.279781 	 -1.325354 	 -0.600344 	 5.201717 	 -0.420496 	 -0.333429 

 725.939946 	 -0.265539 	 -1.326505 	 -0.601257 	 5.210564 	 -0.376304 	 -0.313398 

 726.939863 	 -0.251273 	 -1.327536 	 -0.602115 	 5.218956 	 -0.331968 	 -0.293289 

 727.939780 	 -0.236983 	 -1.328444 	 -0.602918 	 5.226890 	 -0.287491 	 -0.273104 

 728.939698 	 -0.222672 	 -1.329232 	 -0.603666 	 5.234363 	 -0.242879 	 -0.252843 

 729.939615 	 -0.208340 	 -1.329897 	 -0.604358 	 5.241373 	 -0.198135 	 -0.232509 

 730.939576 	 -0.193989 	 -1.330439 	 -0.604994 	 5.247916 	 -0.153262 	 -0.212104 
