
 0.000000 	 0.085507 	 -0.656921 	 -0.300961 	 7.279048 	 0.934318 	 -0.040302 

 0.999918 	 0.105437 	 -0.654362 	 -0.301071 	 7.249506 	 1.117658 	 0.044052 

 1.999835 	 0.125286 	 -0.651302 	 -0.300951 	 7.214454 	 1.299877 	 0.128251 

 2.999753 	 0.145039 	 -0.647743 	 -0.300600 	 7.173934 	 1.480842 	 0.212232 

 3.999670 	 0.164682 	 -0.643689 	 -0.300018 	 7.127990 	 1.660421 	 0.295932 

 4.999588 	 0.184198 	 -0.639142 	 -0.299208 	 7.076673 	 1.838485 	 0.379291 

 5.999505 	 0.203574 	 -0.634109 	 -0.298170 	 7.020035 	 2.014905 	 0.462247 

 6.999423 	 0.222795 	 -0.628592 	 -0.296904 	 6.958132 	 2.189557 	 0.544741 

 7.999341 	 0.241846 	 -0.622597 	 -0.295413 	 6.891025 	 2.362315 	 0.626712 

 8.999259 	 0.260714 	 -0.616129 	 -0.293697 	 6.818775 	 2.533058 	 0.708102 

 9.999177 	 0.279384 	 -0.609193 	 -0.291758 	 6.741450 	 2.701666 	 0.788852 

 10.999095 	 0.297842 	 -0.601796 	 -0.289598 	 6.659117 	 2.868020 	 0.868906 

 11.999012 	 0.316074 	 -0.593944 	 -0.287219 	 6.571851 	 3.032005 	 0.948206 

 12.998929 	 0.334068 	 -0.585642 	 -0.284623 	 6.479725 	 3.193508 	 1.026696 

 13.998847 	 0.351810 	 -0.576898 	 -0.281812 	 6.382818 	 3.352416 	 1.104322 

 14.998764 	 0.369286 	 -0.567719 	 -0.278788 	 6.281211 	 3.508621 	 1.181029 

 15.998681 	 0.386484 	 -0.558113 	 -0.275554 	 6.174988 	 3.662015 	 1.256763 

 16.998598 	 0.403391 	 -0.548086 	 -0.272113 	 6.064236 	 3.812494 	 1.331473 

 17.998515 	 0.419995 	 -0.537647 	 -0.268468 	 5.949042 	 3.959956 	 1.405106 

 18.998433 	 0.436283 	 -0.526805 	 -0.264621 	 5.829500 	 4.104301 	 1.477613 

 19.998350 	 0.452244 	 -0.515567 	 -0.260575 	 5.705704 	 4.245432 	 1.548942 

 20.998267 	 0.467866 	 -0.503943 	 -0.256334 	 5.577748 	 4.383254 	 1.619046 

 21.998184 	 0.483138 	 -0.491942 	 -0.251901 	 5.445734 	 4.517674 	 1.687877 

 22.998102 	 0.498049 	 -0.479573 	 -0.247279 	 5.309761 	 4.648603 	 1.755387 

 23.998019 	 0.512587 	 -0.466845 	 -0.242473 	 5.169933 	 4.775953 	 1.821531 

 24.997936 	 0.526742 	 -0.453768 	 -0.237486 	 5.026355 	 4.899640 	 1.886264 

 25.997853 	 0.540504 	 -0.440353 	 -0.232321 	 4.879135 	 5.019581 	 1.949542 

 26.997770 	 0.553863 	 -0.426609 	 -0.226983 	 4.728382 	 5.135697 	 2.011324 

 27.997688 	 0.566810 	 -0.412548 	 -0.221476 	 4.574208 	 5.247912 	 2.071566 

 28.997605 	 0.579334 	 -0.398179 	 -0.215805 	 4.416725 	 5.356150 	 2.130229 

 29.997522 	 0.591427 	 -0.383514 	 -0.209972 	 4.256050 	 5.460341 	 2.187273 

 30.997439 	 0.603080 	 -0.368564 	 -0.203983 	 4.092298 	 5.560416 	 2.242660 

 31.997357 	 0.614285 	 -0.353339 	 -0.197843 	 3.925587 	 5.656309 	 2.296352 

 32.997274 	 0.625033 	 -0.337852 	 -0.191555 	 3.756039 	 5.747956 	 2.348314 

 33.997191 	 0.635317 	 -0.322114 	 -0.185126 	 3.583774 	 5.835296 	 2.398511 

 34.997108 	 0.645129 	 -0.306137 	 -0.178559 	 3.408915 	 5.918273 	 2.446908 

 35.997025 	 0.654463 	 -0.289933 	 -0.171859 	 3.231587 	 5.996831 	 2.493474 

 36.996943 	 0.663311 	 -0.273514 	 -0.165032 	 3.051915 	 6.070918 	 2.538176 

 37.996860 	 0.671667 	 -0.256891 	 -0.158082 	 2.870027 	 6.140484 	 2.580985 

 38.996777 	 0.679525 	 -0.240079 	 -0.151016 	 2.686051 	 6.205484 	 2.621871 

 39.996694 	 0.686880 	 -0.223088 	 -0.143837 	 2.500116 	 6.265873 	 2.660807 

 40.996612 	 0.693725 	 -0.205932 	 -0.136552 	 2.312353 	 6.321610 	 2.697766 

 41.996529 	 0.700056 	 -0.188624 	 -0.129165 	 2.122893 	 6.372659 	 2.732723 

 42.996446 	 0.705869 	 -0.171175 	 -0.121683 	 1.931869 	 6.418982 	 2.765653 

 43.996363 	 0.711158 	 -0.153600 	 -0.114111 	 1.739415 	 6.460550 	 2.796533 

 44.996280 	 0.715921 	 -0.135911 	 -0.106454 	 1.545664 	 6.497332 	 2.825343 

 45.996198 	 0.720153 	 -0.118122 	 -0.098718 	 1.350753 	 6.529302 	 2.852061 

 46.996115 	 0.723851 	 -0.100244 	 -0.090909 	 1.154817 	 6.556436 	 2.876669 

 47.996032 	 0.727013 	 -0.082293 	 -0.083033 	 0.957993 	 6.578715 	 2.899148 

 48.995949 	 0.729636 	 -0.064280 	 -0.075095 	 0.760417 	 6.596122 	 2.919483 

 49.995866 	 0.731718 	 -0.046220 	 -0.067101 	 0.562229 	 6.608640 	 2.937658 

 50.995784 	 0.733257 	 -0.028126 	 -0.059058 	 0.363566 	 6.616261 	 2.953658 

 51.995701 	 0.734253 	 -0.010010 	 -0.050971 	 0.164568 	 6.618974 	 2.967472 

 52.995618 	 0.734703 	 0.008112 	 -0.042846 	 -0.034627 	 6.616774 	 2.979089 

 53.995535 	 0.734609 	 0.026229 	 -0.034689 	 -0.233879 	 6.609660 	 2.988498 

 54.995453 	 0.733968 	 0.044326 	 -0.026507 	 -0.433047 	 6.597631 	 2.995691 

 55.995370 	 0.732783 	 0.062391 	 -0.018304 	 -0.631993 	 6.580693 	 3.000660 

 56.995287 	 0.731052 	 0.080409 	 -0.010089 	 -0.830575 	 6.558851 	 3.003401 

 57.995204 	 0.728778 	 0.098367 	 -0.001865 	 -1.028653 	 6.532115 	 3.003907 

 58.995121 	 0.725962 	 0.116252 	 0.006359 	 -1.226088 	 6.500499 	 3.002178 

 59.995039 	 0.722605 	 0.134050 	 0.014579 	 -1.422738 	 6.464018 	 2.998210 

 60.994956 	 0.718709 	 0.151749 	 0.022789 	 -1.618463 	 6.422693 	 2.992004 

 61.994873 	 0.714278 	 0.169334 	 0.030981 	 -1.813124 	 6.376544 	 2.983561 

 62.994790 	 0.709313 	 0.186793 	 0.039150 	 -2.006581 	 6.325599 	 2.972884 

 63.994708 	 0.703819 	 0.204112 	 0.047289 	 -2.198694 	 6.269885 	 2.959976 

 64.994625 	 0.697799 	 0.221279 	 0.055394 	 -2.389325 	 6.209434 	 2.944843 

 65.994542 	 0.691257 	 0.238281 	 0.063457 	 -2.578334 	 6.144281 	 2.927492 

 66.994459 	 0.684198 	 0.255104 	 0.071472 	 -2.765584 	 6.074465 	 2.907931 

 67.994376 	 0.676626 	 0.271736 	 0.079434 	 -2.950938 	 6.000026 	 2.886171 

 68.994294 	 0.668546 	 0.288164 	 0.087337 	 -3.134259 	 5.921009 	 2.862223 

 69.994211 	 0.659964 	 0.304376 	 0.095173 	 -3.315411 	 5.837462 	 2.836099 

 70.994128 	 0.650887 	 0.320358 	 0.102939 	 -3.494258 	 5.749435 	 2.807814 

 71.994045 	 0.641320 	 0.336100 	 0.110626 	 -3.670668 	 5.656983 	 2.777384 

 72.993963 	 0.631269 	 0.351589 	 0.118231 	 -3.844506 	 5.560163 	 2.744825 

 73.993880 	 0.620743 	 0.366813 	 0.125746 	 -4.015642 	 5.459035 	 2.710158 

 74.993797 	 0.609748 	 0.381760 	 0.133167 	 -4.183943 	 5.353662 	 2.673402 

 75.993714 	 0.598293 	 0.396418 	 0.140486 	 -4.349282 	 5.244112 	 2.634578 

 76.993631 	 0.586384 	 0.410777 	 0.147700 	 -4.511529 	 5.130454 	 2.593711 

 77.993549 	 0.574032 	 0.424824 	 0.154801 	 -4.670558 	 5.012761 	 2.550825 

 78.993466 	 0.561244 	 0.438549 	 0.161786 	 -4.826244 	 4.891109 	 2.505946 

 79.993383 	 0.548029 	 0.451940 	 0.168647 	 -4.978464 	 4.765579 	 2.459103 

 80.993300 	 0.534398 	 0.464989 	 0.175380 	 -5.127097 	 4.636252 	 2.410325 

 81.993218 	 0.520360 	 0.477683 	 0.181979 	 -5.272021 	 4.503213 	 2.359642 

 82.993135 	 0.505926 	 0.490013 	 0.188440 	 -5.413120 	 4.366553 	 2.307088 

 83.993052 	 0.491105 	 0.501968 	 0.194757 	 -5.550278 	 4.226361 	 2.252695 

 84.992969 	 0.475908 	 0.513540 	 0.200925 	 -5.683380 	 4.082733 	 2.196500 

 85.992886 	 0.460347 	 0.524718 	 0.206939 	 -5.812317 	 3.935767 	 2.138540 

 86.992804 	 0.444433 	 0.535495 	 0.212794 	 -5.936978 	 3.785564 	 2.078852 

 87.992721 	 0.428177 	 0.545859 	 0.218486 	 -6.057257 	 3.632226 	 2.017477 

 88.992638 	 0.411592 	 0.555804 	 0.224010 	 -6.173051 	 3.475861 	 1.954456 

 89.992555 	 0.394691 	 0.565321 	 0.229361 	 -6.284257 	 3.316579 	 1.889833 

 90.992473 	 0.377484 	 0.574402 	 0.234535 	 -6.390778 	 3.154491 	 1.823650 

 91.992395 	 0.359986 	 0.583039 	 0.239529 	 -6.492517 	 2.989713 	 1.755955 

 92.992312 	 0.342210 	 0.591225 	 0.244336 	 -6.589382 	 2.822362 	 1.686793 

 93.992230 	 0.324168 	 0.598953 	 0.248955 	 -6.681284 	 2.652559 	 1.616215 

 94.992147 	 0.305875 	 0.606215 	 0.253380 	 -6.768135 	 2.480427 	 1.544269 

 95.992064 	 0.287344 	 0.613007 	 0.257608 	 -6.849854 	 2.306092 	 1.471007 

 96.991981 	 0.268589 	 0.619321 	 0.261636 	 -6.926360 	 2.129682 	 1.396481 

 97.991899 	 0.249624 	 0.625152 	 0.265459 	 -6.997577 	 1.951327 	 1.320746 

 98.991816 	 0.230465 	 0.630495 	 0.269076 	 -7.063433 	 1.771161 	 1.243857 

 99.991733 	 0.211125 	 0.635344 	 0.272481 	 -7.123860 	 1.589319 	 1.165870 

 100.991650 	 0.191620 	 0.639696 	 0.275673 	 -7.178791 	 1.405937 	 1.086842 

 101.991567 	 0.171965 	 0.643545 	 0.278649 	 -7.228167 	 1.221157 	 1.006834 

 102.991485 	 0.152174 	 0.646889 	 0.281406 	 -7.271931 	 1.035119 	 0.925905 

 103.991402 	 0.132263 	 0.649723 	 0.283941 	 -7.310030 	 0.847966 	 0.844115 

 104.991319 	 0.112249 	 0.652044 	 0.286252 	 -7.342414 	 0.659844 	 0.761529 

 105.991236 	 0.092145 	 0.653851 	 0.288337 	 -7.369042 	 0.470901 	 0.678208 

 106.991154 	 0.071969 	 0.655140 	 0.290194 	 -7.389871 	 0.281284 	 0.594217 

 107.991071 	 0.051735 	 0.655911 	 0.291821 	 -7.404869 	 0.091143 	 0.509622 

 108.990988 	 0.031461 	 0.656160 	 0.293217 	 -7.414003 	 -0.099369 	 0.424488 

 109.990905 	 0.011161 	 0.655888 	 0.294379 	 -7.417249 	 -0.290100 	 0.338883 

 110.990822 	 -0.009147 	 0.655094 	 0.295307 	 -7.414585 	 -0.480896 	 0.252875 

 111.990740 	 -0.029449 	 0.653777 	 0.295999 	 -7.405994 	 -0.671603 	 0.166532 

 112.990657 	 -0.049726 	 0.651938 	 0.296455 	 -7.391467 	 -0.862064 	 0.079924 

 113.990574 	 -0.069964 	 0.649578 	 0.296674 	 -7.370996 	 -1.052123 	 -0.006879 

 114.990491 	 -0.090146 	 0.646697 	 0.296655 	 -7.344581 	 -1.241622 	 -0.093807 

 115.990409 	 -0.110255 	 0.643298 	 0.296398 	 -7.312226 	 -1.430406 	 -0.180789 

 116.990326 	 -0.130276 	 0.639381 	 0.295903 	 -7.273939 	 -1.618314 	 -0.267752 

 117.990243 	 -0.150192 	 0.634950 	 0.295170 	 -7.229735 	 -1.805190 	 -0.354625 

 118.990160 	 -0.169987 	 0.630008 	 0.294199 	 -7.179633 	 -1.990876 	 -0.441336 

 119.990077 	 -0.189645 	 0.624557 	 0.292991 	 -7.123660 	 -2.175213 	 -0.527812 

 120.989995 	 -0.209150 	 0.618601 	 0.291546 	 -7.061844 	 -2.358045 	 -0.613980 

 121.989912 	 -0.228485 	 0.612145 	 0.289864 	 -6.994223 	 -2.539213 	 -0.699768 

 122.989829 	 -0.247635 	 0.605192 	 0.287949 	 -6.920836 	 -2.718562 	 -0.785101 

 123.989746 	 -0.266584 	 0.597749 	 0.285799 	 -6.841730 	 -2.895936 	 -0.869908 

 124.989664 	 -0.285317 	 0.589820 	 0.283417 	 -6.756958 	 -3.071181 	 -0.954116 

 125.989581 	 -0.303818 	 0.581411 	 0.280805 	 -6.666577 	 -3.244143 	 -1.037652 

 126.989498 	 -0.322071 	 0.572528 	 0.277964 	 -6.570648 	 -3.414669 	 -1.120443 

 127.989415 	 -0.340061 	 0.563179 	 0.274896 	 -6.469241 	 -3.582611 	 -1.202417 

 128.989332 	 -0.357774 	 0.553370 	 0.271604 	 -6.362429 	 -3.747817 	 -1.283504 

 129.989250 	 -0.375194 	 0.543108 	 0.268089 	 -6.250291 	 -3.910142 	 -1.363631 

 130.989167 	 -0.392308 	 0.532402 	 0.264356 	 -6.132910 	 -4.069440 	 -1.442728 

 131.989084 	 -0.409099 	 0.521260 	 0.260406 	 -6.010376 	 -4.225569 	 -1.520725 

 132.989001 	 -0.425556 	 0.509691 	 0.256242 	 -5.882783 	 -4.378388 	 -1.597553 

 133.988919 	 -0.441663 	 0.497703 	 0.251868 	 -5.750231 	 -4.527758 	 -1.673143 

 134.988836 	 -0.457407 	 0.485306 	 0.247287 	 -5.612824 	 -4.673546 	 -1.747429 

 135.988753 	 -0.472775 	 0.472509 	 0.242502 	 -5.470673 	 -4.815618 	 -1.820343 

 136.988670 	 -0.487754 	 0.459324 	 0.237518 	 -5.323890 	 -4.953844 	 -1.891821 

 137.988587 	 -0.502330 	 0.445761 	 0.232338 	 -5.172597 	 -5.088100 	 -1.961797 

 138.988505 	 -0.516493 	 0.431829 	 0.226967 	 -5.016916 	 -5.218262 	 -2.030210 

 139.988422 	 -0.530229 	 0.417542 	 0.221408 	 -4.856976 	 -5.344211 	 -2.096996 

 140.988339 	 -0.543528 	 0.402909 	 0.215667 	 -4.692909 	 -5.465831 	 -2.162096 

 141.988256 	 -0.556377 	 0.387944 	 0.209747 	 -4.524854 	 -5.583010 	 -2.225451 

 142.988173 	 -0.568766 	 0.372658 	 0.203654 	 -4.352951 	 -5.695642 	 -2.287003 

 143.988091 	 -0.580684 	 0.357063 	 0.197392 	 -4.177345 	 -5.803622 	 -2.346696 

 144.988008 	 -0.592122 	 0.341173 	 0.190966 	 -3.998187 	 -5.906850 	 -2.404477 

 145.987925 	 -0.603069 	 0.325000 	 0.184383 	 -3.815629 	 -6.005233 	 -2.460293 

 146.987842 	 -0.613516 	 0.308557 	 0.177647 	 -3.629827 	 -6.098678 	 -2.514092 

 147.987760 	 -0.623455 	 0.291859 	 0.170763 	 -3.440942 	 -6.187102 	 -2.565828 

 148.987677 	 -0.632876 	 0.274919 	 0.163738 	 -3.249137 	 -6.270421 	 -2.615452 

 149.987594 	 -0.641772 	 0.257750 	 0.156577 	 -3.054578 	 -6.348560 	 -2.662919 

 150.987511 	 -0.650135 	 0.240368 	 0.149286 	 -2.857434 	 -6.421448 	 -2.708188 

 151.987428 	 -0.657959 	 0.222786 	 0.141871 	 -2.657877 	 -6.489019 	 -2.751217 

 152.987346 	 -0.665236 	 0.205019 	 0.134338 	 -2.456082 	 -6.551210 	 -2.791967 

 153.987263 	 -0.671961 	 0.187082 	 0.126693 	 -2.252225 	 -6.607966 	 -2.830403 

 154.987180 	 -0.678128 	 0.168989 	 0.118944 	 -2.046485 	 -6.659237 	 -2.866490 

 155.987097 	 -0.683731 	 0.150756 	 0.111095 	 -1.839041 	 -6.704976 	 -2.900196 

 156.987015 	 -0.688766 	 0.132398 	 0.103155 	 -1.630077 	 -6.745144 	 -2.931492 

 157.986932 	 -0.693229 	 0.113930 	 0.095128 	 -1.419777 	 -6.779706 	 -2.960351 

 158.986849 	 -0.697117 	 0.095367 	 0.087023 	 -1.208324 	 -6.808634 	 -2.986747 

 159.986766 	 -0.700425 	 0.076725 	 0.078845 	 -0.995905 	 -6.831902 	 -3.010658 

 160.986683 	 -0.703152 	 0.058019 	 0.070602 	 -0.782707 	 -6.849494 	 -3.032065 

 161.986601 	 -0.705295 	 0.039265 	 0.062300 	 -0.568916 	 -6.861396 	 -3.050950 

 162.986518 	 -0.706853 	 0.020479 	 0.053947 	 -0.354722 	 -6.867602 	 -3.067297 

 163.986435 	 -0.707824 	 0.001675 	 0.045548 	 -0.140311 	 -6.868109 	 -3.081094 

 164.986352 	 -0.708208 	 -0.017129 	 0.037112 	 0.074129 	 -6.862923 	 -3.092331 

 165.986270 	 -0.708005 	 -0.035920 	 0.028645 	 0.288409 	 -6.852051 	 -3.101001 

 166.986187 	 -0.707216 	 -0.054681 	 0.020155 	 0.502344 	 -6.835510 	 -3.107098 

 167.986104 	 -0.705840 	 -0.073397 	 0.011648 	 0.715746 	 -6.813319 	 -3.110620 

 168.986021 	 -0.703880 	 -0.092052 	 0.003131 	 0.928431 	 -6.785505 	 -3.111566 

 169.985938 	 -0.701338 	 -0.110630 	 -0.005389 	 1.140213 	 -6.752098 	 -3.109938 

 170.985856 	 -0.698216 	 -0.129117 	 -0.013904 	 1.350910 	 -6.713135 	 -3.105743 

 171.985773 	 -0.694518 	 -0.147498 	 -0.022407 	 1.560340 	 -6.668657 	 -3.098986 

 172.985690 	 -0.690245 	 -0.165757 	 -0.030892 	 1.768324 	 -6.618712 	 -3.089678 

 173.985607 	 -0.685404 	 -0.183879 	 -0.039352 	 1.974683 	 -6.563350 	 -3.077830 

 174.985525 	 -0.679997 	 -0.201849 	 -0.047779 	 2.179242 	 -6.502629 	 -3.063457 

 175.985442 	 -0.674030 	 -0.219654 	 -0.056167 	 2.381828 	 -6.436610 	 -3.046575 

 176.985359 	 -0.667509 	 -0.237277 	 -0.064508 	 2.582269 	 -6.365360 	 -3.027205 

 177.985276 	 -0.660439 	 -0.254705 	 -0.072797 	 2.780397 	 -6.288950 	 -3.005366 

 178.985193 	 -0.652826 	 -0.271924 	 -0.081025 	 2.976045 	 -6.207456 	 -2.981083 

 179.985111 	 -0.644677 	 -0.288920 	 -0.089187 	 3.169053 	 -6.120957 	 -2.954382 

 180.985028 	 -0.636001 	 -0.305680 	 -0.097277 	 3.359260 	 -6.029538 	 -2.925290 

 181.984945 	 -0.626803 	 -0.322189 	 -0.105286 	 3.546509 	 -5.933289 	 -2.893837 

 182.984873 	 -0.617093 	 -0.338434 	 -0.113209 	 3.730648 	 -5.832301 	 -2.860055 

 183.984790 	 -0.606878 	 -0.354403 	 -0.121040 	 3.911528 	 -5.726671 	 -2.823979 

 184.984708 	 -0.596168 	 -0.370082 	 -0.128772 	 4.089003 	 -5.616500 	 -2.785645 

 185.984625 	 -0.584973 	 -0.385460 	 -0.136399 	 4.262931 	 -5.501893 	 -2.745090 

 186.984542 	 -0.573301 	 -0.400524 	 -0.143915 	 4.433174 	 -5.382956 	 -2.702354 

 187.984459 	 -0.561163 	 -0.415263 	 -0.151314 	 4.599598 	 -5.259801 	 -2.657478 

 188.984377 	 -0.548569 	 -0.429664 	 -0.158591 	 4.762074 	 -5.132543 	 -2.610507 

 189.984294 	 -0.535530 	 -0.443717 	 -0.165738 	 4.920475 	 -5.001299 	 -2.561484 

 190.984211 	 -0.522058 	 -0.457411 	 -0.172751 	 5.074680 	 -4.866189 	 -2.510457 

 191.984128 	 -0.508164 	 -0.470734 	 -0.179625 	 5.224574 	 -4.727336 	 -2.457473 

 192.984045 	 -0.493859 	 -0.483678 	 -0.186354 	 5.370042 	 -4.584867 	 -2.402581 

 193.983963 	 -0.479156 	 -0.496231 	 -0.192932 	 5.510977 	 -4.438909 	 -2.345834 

 194.983880 	 -0.464067 	 -0.508385 	 -0.199355 	 5.647276 	 -4.289593 	 -2.287282 

 195.983797 	 -0.448604 	 -0.520130 	 -0.205617 	 5.778840 	 -4.137053 	 -2.226980 

 196.983714 	 -0.432782 	 -0.531457 	 -0.211715 	 5.905575 	 -3.981422 	 -2.164982 

 197.983632 	 -0.416612 	 -0.542358 	 -0.217643 	 6.027391 	 -3.822839 	 -2.101344 

 198.983549 	 -0.400109 	 -0.552825 	 -0.223396 	 6.144204 	 -3.661440 	 -2.036123 

 199.983466 	 -0.383287 	 -0.562850 	 -0.228971 	 6.255934 	 -3.497366 	 -1.969377 

 200.983383 	 -0.366158 	 -0.572426 	 -0.234363 	 6.362506 	 -3.330759 	 -1.901164 

 201.983300 	 -0.348737 	 -0.581546 	 -0.239569 	 6.463849 	 -3.161761 	 -1.831545 

 202.983218 	 -0.331039 	 -0.590203 	 -0.244583 	 6.559899 	 -2.990516 	 -1.760580 

 203.983135 	 -0.313078 	 -0.598391 	 -0.249404 	 6.650594 	 -2.817169 	 -1.688331 

 204.983052 	 -0.294869 	 -0.606104 	 -0.254026 	 6.735879 	 -2.641865 	 -1.614859 

 205.982969 	 -0.276426 	 -0.613337 	 -0.258448 	 6.815703 	 -2.464751 	 -1.540226 

 206.982887 	 -0.257765 	 -0.620086 	 -0.262665 	 6.890019 	 -2.285974 	 -1.464497 

 207.982804 	 -0.238900 	 -0.626345 	 -0.266675 	 6.958787 	 -2.105680 	 -1.387735 

 208.982721 	 -0.219847 	 -0.632110 	 -0.270474 	 7.021968 	 -1.924018 	 -1.310003 

 209.982638 	 -0.200621 	 -0.637378 	 -0.274061 	 7.079532 	 -1.741136 	 -1.231367 

 210.982555 	 -0.181237 	 -0.642145 	 -0.277433 	 7.131451 	 -1.557180 	 -1.151891 

 211.982473 	 -0.161711 	 -0.646409 	 -0.280587 	 7.177703 	 -1.372299 	 -1.071640 

 212.982390 	 -0.142058 	 -0.650166 	 -0.283521 	 7.218268 	 -1.186641 	 -0.990679 

 213.982307 	 -0.122295 	 -0.653415 	 -0.286233 	 7.253135 	 -1.000351 	 -0.909073 

 214.982224 	 -0.102436 	 -0.656154 	 -0.288722 	 7.282293 	 -0.813578 	 -0.826889 

 215.982142 	 -0.082497 	 -0.658382 	 -0.290986 	 7.305738 	 -0.626467 	 -0.744191 

 216.982059 	 -0.062494 	 -0.660097 	 -0.293024 	 7.323471 	 -0.439163 	 -0.661045 

 217.981976 	 -0.042442 	 -0.661300 	 -0.294834 	 7.335495 	 -0.251812 	 -0.577516 

 218.981893 	 -0.022357 	 -0.661989 	 -0.296415 	 7.341819 	 -0.064557 	 -0.493670 

 219.981810 	 -0.002255 	 -0.662166 	 -0.297767 	 7.342456 	 0.122459 	 -0.409572 

 220.981728 	 0.017848 	 -0.661831 	 -0.298888 	 7.337423 	 0.309094 	 -0.325286 

 221.981645 	 0.037938 	 -0.660984 	 -0.299779 	 7.326741 	 0.495208 	 -0.240877 

 222.981562 	 0.057999 	 -0.659628 	 -0.300438 	 7.310435 	 0.680661 	 -0.156409 

 223.981479 	 0.078015 	 -0.657765 	 -0.300867 	 7.288534 	 0.865315 	 -0.071947 

 224.981397 	 0.097971 	 -0.655395 	 -0.301064 	 7.261071 	 1.049033 	 0.012446 

 225.981314 	 0.117851 	 -0.652523 	 -0.301029 	 7.228083 	 1.231680 	 0.096707 

 226.981231 	 0.137642 	 -0.649151 	 -0.300765 	 7.189611 	 1.413124 	 0.180773 

 227.981148 	 0.157327 	 -0.645282 	 -0.300270 	 7.145699 	 1.593230 	 0.264582 

 228.981065 	 0.176892 	 -0.640919 	 -0.299545 	 7.096395 	 1.771871 	 0.348073 

 229.980983 	 0.196322 	 -0.636068 	 -0.298592 	 7.041750 	 1.948916 	 0.431184 

 230.980900 	 0.215602 	 -0.630732 	 -0.297412 	 6.981819 	 2.124239 	 0.513855 

 231.980817 	 0.234718 	 -0.624916 	 -0.296005 	 6.916661 	 2.297716 	 0.596026 

 232.980734 	 0.253656 	 -0.618625 	 -0.294373 	 6.846338 	 2.469223 	 0.677638 

 233.980651 	 0.272402 	 -0.611864 	 -0.292517 	 6.770913 	 2.638640 	 0.758632 

 234.980569 	 0.290940 	 -0.604639 	 -0.290440 	 6.690456 	 2.805848 	 0.838951 

 235.980486 	 0.309259 	 -0.596957 	 -0.288143 	 6.605037 	 2.970731 	 0.918538 

 236.980403 	 0.327343 	 -0.588823 	 -0.285628 	 6.514731 	 3.133173 	 0.997336 

 237.980320 	 0.345181 	 -0.580244 	 -0.282898 	 6.419614 	 3.293064 	 1.075290 

 238.980238 	 0.362758 	 -0.571228 	 -0.279953 	 6.319767 	 3.450291 	 1.152346 

 239.980155 	 0.380061 	 -0.561781 	 -0.276798 	 6.215272 	 3.604749 	 1.228450 

 240.980072 	 0.397079 	 -0.551911 	 -0.273435 	 6.106214 	 3.756331 	 1.303549 

 241.979989 	 0.413797 	 -0.541626 	 -0.269866 	 5.992683 	 3.904934 	 1.377590 

 242.979906 	 0.430205 	 -0.530935 	 -0.266094 	 5.874768 	 4.050458 	 1.450524 

 243.979824 	 0.446290 	 -0.519845 	 -0.262122 	 5.752563 	 4.192804 	 1.522299 

 244.979741 	 0.462041 	 -0.508365 	 -0.257954 	 5.626163 	 4.331877 	 1.592868 

 245.979658 	 0.477445 	 -0.496504 	 -0.253593 	 5.495666 	 4.467583 	 1.662180 

 246.979575 	 0.492493 	 -0.484272 	 -0.249042 	 5.361173 	 4.599831 	 1.730191 

 247.979493 	 0.507171 	 -0.471677 	 -0.244305 	 5.222785 	 4.728534 	 1.796852 

 248.979410 	 0.521471 	 -0.458731 	 -0.239385 	 5.080608 	 4.853605 	 1.862119 

 249.979327 	 0.535382 	 -0.445442 	 -0.234286 	 4.934748 	 4.974961 	 1.925948 

 250.979244 	 0.548893 	 -0.431820 	 -0.229013 	 4.785314 	 5.092523 	 1.988296 

 251.979161 	 0.561996 	 -0.417877 	 -0.223569 	 4.632416 	 5.206211 	 2.049121 

 252.979079 	 0.574679 	 -0.403622 	 -0.217959 	 4.476168 	 5.315951 	 2.108382 

 253.978996 	 0.586935 	 -0.389067 	 -0.212186 	 4.316682 	 5.421671 	 2.166038 

 254.978913 	 0.598754 	 -0.374223 	 -0.206255 	 4.154076 	 5.523300 	 2.222052 

 255.978830 	 0.610128 	 -0.359100 	 -0.200171 	 3.988467 	 5.620772 	 2.276385 

 256.978748 	 0.621048 	 -0.343710 	 -0.193939 	 3.819974 	 5.714022 	 2.329001 

 257.978665 	 0.631507 	 -0.328065 	 -0.187562 	 3.648719 	 5.802988 	 2.379865 

 258.978582 	 0.641498 	 -0.312177 	 -0.181046 	 3.474823 	 5.887612 	 2.428943 

 259.978499 	 0.651012 	 -0.296056 	 -0.174395 	 3.298411 	 5.967838 	 2.476201 

 260.978416 	 0.660043 	 -0.279716 	 -0.167616 	 3.119608 	 6.043612 	 2.521607 

 261.978334 	 0.668584 	 -0.263169 	 -0.160711 	 2.938540 	 6.114884 	 2.565131 

 262.978251 	 0.676630 	 -0.246426 	 -0.153688 	 2.755335 	 6.181607 	 2.606744 

 263.978168 	 0.684174 	 -0.229501 	 -0.146551 	 2.570123 	 6.243735 	 2.646417 

 264.978085 	 0.691211 	 -0.212406 	 -0.139305 	 2.383033 	 6.301227 	 2.684122 

 265.978003 	 0.697736 	 -0.195153 	 -0.131956 	 2.194196 	 6.354043 	 2.719835 

 266.977920 	 0.703743 	 -0.177756 	 -0.124509 	 2.003746 	 6.402148 	 2.753530 

 267.977837 	 0.709230 	 -0.160227 	 -0.116970 	 1.811814 	 6.445509 	 2.785185 

 268.977754 	 0.714190 	 -0.142579 	 -0.109344 	 1.618535 	 6.484094 	 2.814776 

 269.977671 	 0.718622 	 -0.124825 	 -0.101637 	 1.424044 	 6.517878 	 2.842283 

 270.977589 	 0.722521 	 -0.106979 	 -0.093855 	 1.228477 	 6.546834 	 2.867688 

 271.977506 	 0.725885 	 -0.089054 	 -0.086003 	 1.031969 	 6.570942 	 2.890970 

 272.977423 	 0.728710 	 -0.071063 	 -0.078088 	 0.834659 	 6.590184 	 2.912113 

 273.977340 	 0.730995 	 -0.053019 	 -0.070114 	 0.636684 	 6.604543 	 2.931102 

 274.977258 	 0.732739 	 -0.034936 	 -0.062089 	 0.438182 	 6.614007 	 2.947922 

 275.977175 	 0.733938 	 -0.016827 	 -0.054017 	 0.239291 	 6.618567 	 2.962561 

 276.977092 	 0.734594 	 0.001295 	 -0.045906 	 0.040151 	 6.618216 	 2.975005 

 277.977009 	 0.734704 	 0.019416 	 -0.037760 	 -0.159098 	 6.612950 	 2.985246 

 278.976926 	 0.734268 	 0.037522 	 -0.029587 	 -0.358317 	 6.602770 	 2.993273 

 279.976844 	 0.733287 	 0.055600 	 -0.021391 	 -0.557366 	 6.587678 	 2.999080 

 280.976761 	 0.731761 	 0.073637 	 -0.013180 	 -0.756104 	 6.567678 	 3.002659 

 281.976678 	 0.729691 	 0.091620 	 -0.004958 	 -0.954392 	 6.542781 	 3.004007 

 282.976595 	 0.727077 	 0.109534 	 0.003266 	 -1.152089 	 6.512999 	 3.003119 

 283.976513 	 0.723923 	 0.127366 	 0.011489 	 -1.349054 	 6.478345 	 2.999993 

 284.976430 	 0.720229 	 0.145104 	 0.019703 	 -1.545148 	 6.438838 	 2.994628 

 285.976347 	 0.715999 	 0.162734 	 0.027902 	 -1.740230 	 6.394499 	 2.987026 

 286.976264 	 0.711234 	 0.180242 	 0.036081 	 -1.934161 	 6.345353 	 2.977188 

 287.976181 	 0.705938 	 0.197615 	 0.044232 	 -2.126800 	 6.291427 	 2.965117 

 288.976099 	 0.700115 	 0.214841 	 0.052351 	 -2.318009 	 6.232751 	 2.950820 

 289.976016 	 0.693768 	 0.231907 	 0.060430 	 -2.507649 	 6.169360 	 2.934301 

 290.975933 	 0.686902 	 0.248798 	 0.068464 	 -2.695582 	 6.101290 	 2.915570 

 291.975850 	 0.679522 	 0.265504 	 0.076447 	 -2.881671 	 6.028581 	 2.894635 

 292.975768 	 0.671632 	 0.282010 	 0.084373 	 -3.065777 	 5.951277 	 2.871507 

 293.975685 	 0.663238 	 0.298305 	 0.092235 	 -3.247765 	 5.869425 	 2.846198 

 294.975602 	 0.654345 	 0.314375 	 0.100028 	 -3.427500 	 5.783072 	 2.818723 

 295.975519 	 0.644961 	 0.330209 	 0.107745 	 -3.604847 	 5.692274 	 2.789096 

 296.975436 	 0.635091 	 0.345795 	 0.115382 	 -3.779673 	 5.597084 	 2.757334 

 297.975354 	 0.624742 	 0.361119 	 0.122931 	 -3.951845 	 5.497564 	 2.723455 

 298.975271 	 0.613922 	 0.376172 	 0.130388 	 -4.121233 	 5.393774 	 2.687479 

 299.975188 	 0.602638 	 0.390940 	 0.137747 	 -4.287705 	 5.285781 	 2.649428 

 300.975105 	 0.590898 	 0.405412 	 0.145001 	 -4.451134 	 5.173653 	 2.609324 

 301.975023 	 0.578711 	 0.419578 	 0.152145 	 -4.611393 	 5.057462 	 2.567192 

 302.974940 	 0.566085 	 0.433425 	 0.159174 	 -4.768355 	 4.937284 	 2.523057 

 303.974857 	 0.553029 	 0.446943 	 0.166082 	 -4.921897 	 4.813195 	 2.476946 

 304.974774 	 0.539553 	 0.460122 	 0.172864 	 -5.071896 	 4.685279 	 2.428889 

 305.974691 	 0.525666 	 0.472950 	 0.179514 	 -5.218232 	 4.553618 	 2.378915 

 306.974609 	 0.511379 	 0.485418 	 0.186028 	 -5.360787 	 4.418300 	 2.327057 

 307.974526 	 0.496701 	 0.497515 	 0.192399 	 -5.499443 	 4.279417 	 2.273348 

 308.974443 	 0.481643 	 0.509232 	 0.198624 	 -5.634086 	 4.137061 	 2.217823 

 309.974360 	 0.466217 	 0.520560 	 0.204696 	 -5.764604 	 3.991330 	 2.160518 

 310.974278 	 0.450434 	 0.531488 	 0.210612 	 -5.890887 	 3.842322 	 2.101471 

 311.974195 	 0.434305 	 0.542008 	 0.216365 	 -6.012828 	 3.690141 	 2.040722 

 312.974112 	 0.417842 	 0.552112 	 0.221953 	 -6.130321 	 3.534893 	 1.978311 

 313.974029 	 0.401057 	 0.561790 	 0.227370 	 -6.243265 	 3.376684 	 1.914280 

 314.973946 	 0.383963 	 0.571036 	 0.232611 	 -6.351559 	 3.215628 	 1.848674 

 315.973864 	 0.366572 	 0.579840 	 0.237673 	 -6.455106 	 3.051837 	 1.781537 

 316.973781 	 0.348898 	 0.588196 	 0.242550 	 -6.553814 	 2.885429 	 1.712916 

 317.973698 	 0.330954 	 0.596096 	 0.247240 	 -6.647591 	 2.716523 	 1.642860 

 318.973615 	 0.312753 	 0.603534 	 0.251738 	 -6.736349 	 2.545242 	 1.571417 

 319.973533 	 0.294308 	 0.610503 	 0.256041 	 -6.820005 	 2.371709 	 1.498639 

 320.973450 	 0.275635 	 0.616997 	 0.260144 	 -6.898477 	 2.196053 	 1.424577 

 321.973367 	 0.256747 	 0.623010 	 0.264045 	 -6.971688 	 2.018403 	 1.349285 

 322.973284 	 0.237659 	 0.628536 	 0.267739 	 -7.039564 	 1.838892 	 1.272818 

 323.973201 	 0.218384 	 0.633571 	 0.271224 	 -7.102035 	 1.657653 	 1.195232 

 324.973119 	 0.198939 	 0.638109 	 0.274497 	 -7.159034 	 1.474823 	 1.116584 

 325.973036 	 0.179338 	 0.642148 	 0.277554 	 -7.210500 	 1.290541 	 1.036932 

 326.972953 	 0.159595 	 0.645681 	 0.280393 	 -7.256374 	 1.104949 	 0.956337 

 327.972870 	 0.139727 	 0.648706 	 0.283011 	 -7.296601 	 0.918187 	 0.874858 

 328.972787 	 0.119749 	 0.651220 	 0.285407 	 -7.331132 	 0.730403 	 0.792559 

 329.972705 	 0.099677 	 0.653220 	 0.287577 	 -7.359920 	 0.541741 	 0.709502 

 330.972622 	 0.079525 	 0.654703 	 0.289519 	 -7.382925 	 0.352349 	 0.625750 

 331.972539 	 0.059311 	 0.655668 	 0.291233 	 -7.400109 	 0.162378 	 0.541369 

 332.972456 	 0.039049 	 0.656113 	 0.292715 	 -7.411441 	 -0.028021 	 0.456425 

 333.972374 	 0.018757 	 0.656036 	 0.293965 	 -7.416893 	 -0.218697 	 0.370985 

 334.972291 	 -0.001551 	 0.655437 	 0.294980 	 -7.416441 	 -0.409495 	 0.285116 

 335.972208 	 -0.021857 	 0.654316 	 0.295761 	 -7.410069 	 -0.600262 	 0.198886 

 336.972125 	 -0.042146 	 0.652673 	 0.296306 	 -7.397762 	 -0.790842 	 0.112365 

 337.972042 	 -0.062401 	 0.650507 	 0.296613 	 -7.379514 	 -0.981078 	 0.025623 

 338.971960 	 -0.082606 	 0.647821 	 0.296683 	 -7.355320 	 -1.170813 	 -0.061270 

 339.971877 	 -0.102745 	 0.644615 	 0.296516 	 -7.325183 	 -1.359891 	 -0.148244 

 340.971794 	 -0.122801 	 0.640892 	 0.296110 	 -7.289110 	 -1.548153 	 -0.235226 

 341.971711 	 -0.142759 	 0.636653 	 0.295466 	 -7.247114 	 -1.735441 	 -0.322145 

 342.971629 	 -0.162601 	 0.631902 	 0.294584 	 -7.199212 	 -1.921598 	 -0.408929 

 343.971546 	 -0.182313 	 0.626640 	 0.293464 	 -7.145427 	 -2.106465 	 -0.495505 

 344.971463 	 -0.201877 	 0.620873 	 0.292107 	 -7.085788 	 -2.289884 	 -0.581800 

 345.971380 	 -0.221278 	 0.614603 	 0.290514 	 -7.020329 	 -2.471700 	 -0.667741 

 346.971297 	 -0.240500 	 0.607835 	 0.288686 	 -6.949087 	 -2.651753 	 -0.753256 

 347.971215 	 -0.259526 	 0.600575 	 0.286624 	 -6.872109 	 -2.829890 	 -0.838272 

 348.971132 	 -0.278342 	 0.592827 	 0.284329 	 -6.789444 	 -3.005954 	 -0.922715 

 349.971049 	 -0.296931 	 0.584596 	 0.281802 	 -6.701147 	 -3.179793 	 -1.006513 

 350.970966 	 -0.315279 	 0.575890 	 0.279046 	 -6.607279 	 -3.351252 	 -1.089593 

 351.970884 	 -0.333370 	 0.566714 	 0.276063 	 -6.507906 	 -3.520182 	 -1.171884 

 352.970801 	 -0.351189 	 0.557076 	 0.272854 	 -6.403100 	 -3.686432 	 -1.253313 

 353.970718 	 -0.368720 	 0.546983 	 0.269423 	 -6.292937 	 -3.849855 	 -1.333809 

 354.970635 	 -0.385950 	 0.536442 	 0.265771 	 -6.177499 	 -4.010305 	 -1.413301 

 355.970552 	 -0.402864 	 0.525462 	 0.261901 	 -6.056874 	 -4.167638 	 -1.491719 

 356.970470 	 -0.419448 	 0.514051 	 0.257817 	 -5.931154 	 -4.321713 	 -1.568994 

 357.970387 	 -0.435688 	 0.502218 	 0.253521 	 -5.800437 	 -4.472391 	 -1.645056 

 358.970304 	 -0.451569 	 0.489972 	 0.249017 	 -5.664826 	 -4.619535 	 -1.719839 

 359.970221 	 -0.467079 	 0.477324 	 0.244308 	 -5.524428 	 -4.763012 	 -1.793274 

 360.970139 	 -0.482205 	 0.464283 	 0.239398 	 -5.379356 	 -4.902692 	 -1.865297 

 361.970056 	 -0.496934 	 0.450859 	 0.234291 	 -5.229728 	 -5.038446 	 -1.935843 

 362.969973 	 -0.511253 	 0.437064 	 0.228990 	 -5.075666 	 -5.170153 	 -2.004847 

 363.969890 	 -0.525150 	 0.422908 	 0.223501 	 -4.917296 	 -5.297689 	 -2.072249 

 364.969807 	 -0.538614 	 0.408403 	 0.217827 	 -4.754749 	 -5.420940 	 -2.137986 

 365.969746 	 -0.551632 	 0.393561 	 0.211974 	 -4.588163 	 -5.539791 	 -2.202000 
