15.000000  15.000000  15.000000  15.000000  15.000000  15.000000  15.000000  15.000000  15.000000  15.000000  
10.000000  12.253962  13.093076  13.533275  13.910778  14.357831  14.948443  15.783979  17.148806  20.000000  
10.000000  11.160639  11.963324  12.599366  13.254006  14.042102  15.032370  16.287850  17.909681  20.000000  
10.000000  10.805970  11.586207  12.360765  13.213545  14.215116  15.400519  16.775937  18.329327  20.000000  
10.000000  10.953823  11.934018  12.908159  13.921238  15.021680  16.221063  17.489294  18.770546  20.000000  
10.000000  11.588025  13.048438  14.319686  15.469329  16.566778  17.624498  18.593224  19.396391  20.000000  
10.000000  12.832492  15.056590  16.680169  17.911612  18.904993  19.697784  20.217608  20.332977  20.000000  
10.000000  15.077299  18.227378  20.085267  21.249585  22.026817  22.488899  22.513805  21.795990  20.000000  
10.000000  19.506332  23.049410  24.594056  25.382557  25.820686  25.985097  25.709020  24.376253  20.000000  
30.000000  30.000000  30.000000  30.000000  30.000000  30.000000  30.000000  30.000000  30.000000  30.000000  

