15.000000  15.000000  15.000000  15.000000  15.000000  15.000000  15.000000  15.000000  15.000000  15.000000  
10.000000  12.842723  14.150505  14.896889  15.394434  15.774588  16.134445  16.618863  17.568541  20.000000  
10.000000  12.220390  13.862416  15.042623  15.906266  16.569481  17.144336  17.772468  18.655301  20.000000  
10.000000  12.176427  14.036155  15.504934  16.618536  17.452742  18.100959  18.671378  19.280196  20.000000  
10.000000  12.449169  14.600856  16.322433  17.610215  18.522005  19.135386  19.531895  19.794107  20.000000  
10.000000  13.019400  15.595677  17.573741  18.977899  19.889689  20.386693  20.526716  20.364337  20.000000  
10.000000  14.032760  17.188722  19.398967  20.837961  21.672167  21.994990  21.823943  21.136528  20.000000  
10.000000  15.922924  19.727491  21.995453  23.302820  23.966034  24.097164  23.637541  22.357833  20.000000  
10.000000  19.931448  23.802869  25.552539  26.411837  26.791991  26.790095  26.271225  24.657265  20.000000  
30.000000  30.000000  30.000000  30.000000  30.000000  30.000000  30.000000  30.000000  30.000000  30.000000  

