15.000000  15.000000  15.000000  15.000000  15.000000  15.000000  15.000000  15.000000  15.000000  15.000000  
10.000000  11.813544  12.262809  12.394659  12.585292  13.007575  13.755261  14.910426  16.699247  20.000000  
10.000000  10.321230  10.385948  10.448087  10.768709  11.532064  12.832486  14.688289  17.090678  20.000000  
10.000000  9.637121  9.403165  9.407177  9.833701  10.835401  12.465562  14.658250  17.251397  20.000000  
10.000000  9.571583  9.374249  9.478543  10.038022  11.178943  12.915106  15.122253  17.572786  20.000000  
10.000000  10.161576  10.431155  10.848125  11.579132  12.754779  14.373009  16.281284  18.232612  20.000000  
10.000000  11.561194  12.743561  13.639643  14.535041  15.623825  16.918952  18.252817  19.347979  20.000000  
10.000000  14.143108  16.538856  17.881411  18.819450  19.680541  20.512469  21.122024  21.100176  20.000000  
10.000000  19.025921  22.184907  23.471334  24.150770  24.636759  24.991388  25.011028  24.027801  20.000000  
30.000000  30.000000  30.000000  30.000000  30.000000  30.000000  30.000000  30.000000  30.000000  30.000000  

