15.000000  15.000000  15.000000  15.000000  15.000000  15.000000  15.000000  15.000000  15.000000  15.000000  
10.000000  12.697394  13.893409  14.570791  15.045345  15.446030  15.862594  16.429084  17.473601  20.000000  
10.000000  11.963240  13.407613  14.465901  15.289032  15.988671  16.663856  17.437093  18.487541  20.000000  
10.000000  11.850174  13.459283  14.773610  15.836033  16.716579  17.492074  18.246439  19.067658  20.000000  
10.000000  12.099818  13.983297  15.539725  16.772928  17.734467  18.484125  19.077446  19.566833  20.000000  
10.000000  12.690517  15.014429  16.837216  18.190180  19.148913  19.774199  20.099372  20.150640  20.000000  
10.000000  13.760594  16.707798  18.789679  20.186437  21.059564  21.488539  21.470623  20.959860  20.000000  
10.000000  15.732909  19.391775  21.570191  22.848139  23.538566  23.743802  23.391040  22.234583  20.000000  
10.000000  19.836390  23.634937  25.339834  26.184439  26.578220  26.613395  26.147967  24.595638  20.000000  
30.000000  30.000000  30.000000  30.000000  30.000000  30.000000  30.000000  30.000000  30.000000  30.000000  

