15.000000  15.000000  15.000000  15.000000  15.000000  15.000000  15.000000  15.000000  15.000000  15.000000  
10.000000  12.842357  14.149860  14.896071  15.393560  15.773768  16.133767  16.618390  17.568304  20.000000  
10.000000  12.219744  13.861276  15.041180  15.904723  16.568031  17.143139  17.771633  18.654883  20.000000  
10.000000  12.175609  14.034712  15.503106  16.616583  17.450907  18.099442  18.670321  19.279667  20.000000  
10.000000  12.448295  14.599313  16.320480  17.608128  18.520044  19.133766  19.530765  19.793542  20.000000  
10.000000  13.018579  15.594228  17.571906  18.975938  19.887846  20.385171  20.525654  20.363806  20.000000  
10.000000  14.032082  17.187524  19.397451  20.836341  21.670644  21.993732  21.823066  21.136089  20.000000  
10.000000  15.922451  19.726655  21.994395  23.301690  23.964972  24.096287  23.636929  22.357527  20.000000  
10.000000  19.931211  23.802451  25.552011  26.411272  26.791460  26.789656  26.270919  24.657112  20.000000  
30.000000  30.000000  30.000000  30.000000  30.000000  30.000000  30.000000  30.000000  30.000000  30.000000  

