15.000000  15.000000  15.000000  15.000000  15.000000  15.000000  15.000000  15.000000  15.000000  15.000000  
10.000000  12.841942  14.149126  14.895142  15.392568  15.772835  16.132996  16.617852  17.568035  20.000000  
10.000000  12.219010  13.859980  15.039539  15.902970  16.566384  17.141777  17.770683  18.654408  20.000000  
10.000000  12.174680  14.033071  15.501029  16.614363  17.448821  18.097718  18.669118  19.279066  20.000000  
10.000000  12.447302  14.597560  16.318261  17.605756  18.517815  19.131924  19.529481  19.792899  20.000000  
10.000000  13.017646  15.592580  17.569820  18.973709  19.885751  20.383440  20.524447  20.363203  20.000000  
10.000000  14.031311  17.186163  19.395727  20.834499  21.668913  21.992302  21.822068  21.135591  20.000000  
10.000000  15.921913  19.725706  21.993193  23.300405  23.963765  24.095289  23.636233  22.357179  20.000000  
10.000000  19.930943  23.801977  25.551409  26.410630  26.790857  26.789157  26.270571  24.656938  20.000000  
30.000000  30.000000  30.000000  30.000000  30.000000  30.000000  30.000000  30.000000  30.000000  30.000000  

