15.000000  15.000000  15.000000  15.000000  15.000000  15.000000  15.000000  15.000000  15.000000  15.000000  
10.000000  12.543021  13.618316  14.219117  14.666007  15.086603  15.563605  16.219565  17.368551  20.000000  
10.000000  11.687843  12.917497  13.840182  14.614944  15.350682  16.133640  17.065811  18.301482  20.000000  
10.000000  11.497613  12.832703  13.974767  14.976552  15.904062  16.817468  17.774412  18.831249  20.000000  
10.000000  11.718979  13.307346  14.679063  15.848074  16.861108  17.759676  18.570919  19.313287  20.000000  
10.000000  12.329227  14.373917  16.022620  17.315781  18.324002  19.090499  19.621649  19.911628  20.000000  
10.000000  13.459795  16.175031  18.112757  19.460474  20.375238  20.921740  21.074791  20.761896  20.000000  
10.000000  15.522032  19.018538  21.096307  22.340274  23.060123  23.347727  23.114542  22.096338  20.000000  
10.000000  19.730662  23.447891  25.102468  25.930174  26.338787  26.415250  26.009676  24.526503  20.000000  
30.000000  30.000000  30.000000  30.000000  30.000000  30.000000  30.000000  30.000000  30.000000  30.000000  

