15.000000 15.000000 15.000000 15.000000 15.000000 15.000000 15.000000 15.000000 15.000000 15.000000 
10.000000 12.835316 14.137425 14.880329 15.376738 15.757959 16.120704 16.609278 17.563748 20.000000 
10.000000 12.207310 13.839316 15.013377 15.875013 16.540113 17.120068 17.755542 18.646837 20.000000 
10.000000 12.159866 14.006909 15.467906 16.578968 17.415561 18.070233 18.649948 19.269481 20.000000 
10.000000 12.431472 14.569603 16.282866 17.567933 18.482273 19.102553 19.508996 19.782657 20.000000 
10.000000 13.002770 15.566309 17.536559 18.938166 19.852352 20.355840 20.505197 20.353578 20.000000 
10.000000 14.019018 17.164453 19.368241 20.805128 21.641314 21.969495 21.806161 21.127637 20.000000 
10.000000 15.913339 19.710564 21.974023 23.279920 23.944515 24.079382 23.625138 22.351632 20.000000 
10.000000 19.926656 23.794406 25.541824 26.400387 26.781232 26.781204 26.265024 24.654164 20.000000 
30.000000 30.000000 30.000000 30.000000 30.000000 30.000000 30.000000 30.000000 30.000000 30.000000 

