15.000000 15.000000 15.000000 15.000000 15.000000 15.000000 15.000000 15.000000 15.000000 15.000000 
10.000000 12.809765 14.092291 14.823174 15.315650 15.700544 16.073251 16.576178 17.547197 20.000000 
10.000000 12.162175 13.759591 14.912422 15.767114 16.438703 17.036256 17.697081 18.617605 20.000000 
10.000000 12.102708 13.905950 15.340067 16.442340 17.287154 17.964112 18.575927 19.232469 20.000000 
10.000000 12.370379 14.461697 16.146233 17.421911 18.345041 18.989141 19.429890 19.743103 20.000000 
10.000000 12.945348 15.464890 17.408145 18.800931 19.723381 20.249257 20.430856 20.316407 20.000000 
10.000000 13.971559 17.080632 19.262112 20.691710 21.534728 21.881413 21.744725 21.096919 20.000000 
10.000000 15.880234 19.652096 21.899994 23.200809 23.870171 24.017945 23.582287 22.330206 20.000000 
10.000000 19.910102 23.765170 25.504808 26.360831 26.744059 26.750485 26.243598 24.643451 20.000000 
30.000000 30.000000 30.000000 30.000000 30.000000 30.000000 30.000000 30.000000 30.000000 30.000000 

