15.000000  15.000000  15.000000  15.000000  15.000000  15.000000  15.000000  15.000000  15.000000  15.000000  
10.000000  11.040831  10.950444  10.695517  10.551704  10.716878  11.476306  13.088491  15.725262  20.000000  
10.000000  9.029027  8.134329  7.465423  7.146467  7.436872  8.764758  11.434178  15.339386  20.000000  
10.000000  7.956738  6.403283  5.358016  4.869444  5.219331  6.899577  10.206157  14.855370  20.000000  
10.000000  7.477205  5.591154  4.339086  3.751792  4.134022  6.016222  9.690970  14.692017  20.000000  
10.000000  7.656729  5.925902  4.761333  4.223063  4.670110  6.682400  10.399587  15.182231  20.000000  
10.000000  8.938769  8.074992  7.388114  7.092454  7.676002  9.611015  12.823784  16.589650  20.000000  
10.000000  11.981258  12.715410  12.792172  12.861598  13.487854  14.973567  17.095059  19.082607  20.000000  
10.000000  17.856998  20.115943  20.726535  20.979885  21.403980  22.151962  22.973185  23.013948  20.000000  
30.000000  30.000000  30.000000  30.000000  30.000000  30.000000  30.000000  30.000000  30.000000  30.000000  

