15.000000 15.000000 15.000000 15.000000 15.000000 15.000000 15.000000 15.000000 15.000000 15.000000 
10.000000 12.842554 14.150208 14.896512 15.394031 15.774210 16.134133 16.618645 17.568431 20.000000 
10.000000 12.220092 13.861890 15.041958 15.905554 16.568812 17.143784 17.772083 18.655108 20.000000 
10.000000 12.176050 14.035490 15.504091 16.617635 17.451896 18.100259 18.670890 19.279952 20.000000 
10.000000 12.448766 14.600145 16.321533 17.609253 18.521101 19.134639 19.531374 19.793846 20.000000 
10.000000 13.019021 15.595009 17.572895 18.976994 19.888839 20.385991 20.526226 20.364093 20.000000 
10.000000 14.032447 17.188169 19.398268 20.837214 21.671465 21.994410 21.823538 21.136326 20.000000 
10.000000 15.922706 19.727105 21.994965 23.302299 23.965545 24.096760 23.637259 22.357692 20.000000 
10.000000 19.931339 23.802676 25.552295 26.411577 26.791746 26.789893 26.271084 24.657194 20.000000 
30.000000 30.000000 30.000000 30.000000 30.000000 30.000000 30.000000 30.000000 30.000000 30.000000 

