15.000000 15.000000 15.000000 15.000000 15.000000 15.000000 15.000000 15.000000 15.000000 15.000000 
10.000000 12.842648 14.150372 14.896721 15.394254 15.774419 16.134306 16.618765 17.568492 20.000000 
10.000000 12.220257 13.862182 15.042326 15.905948 16.569182 17.144090 17.772296 18.655215 20.000000 
10.000000 12.176258 14.035858 15.504558 16.618134 17.452365 18.100647 18.671161 19.280087 20.000000 
10.000000 12.448989 14.600539 16.322032 17.609786 18.521602 19.135053 19.531663 19.793991 20.000000 
10.000000 13.019231 15.595379 17.573364 18.977495 19.889309 20.386380 20.526498 20.364228 20.000000 
10.000000 14.032620 17.188475 19.398655 20.837628 21.671853 21.994732 21.823763 21.136438 20.000000 
10.000000 15.922826 19.727319 21.995235 23.302588 23.965816 24.096984 23.637415 22.357770 20.000000 
10.000000 19.931399 23.802783 25.552431 26.411721 26.791882 26.790005 26.271162 24.657233 20.000000 
30.000000 30.000000 30.000000 30.000000 30.000000 30.000000 30.000000 30.000000 30.000000 30.000000 

