15.000000  15.000000  15.000000  15.000000  15.000000  15.000000  15.000000  15.000000  15.000000  15.000000  
10.000000  12.842727  14.150514  14.896899  15.394445  15.774599  16.134454  16.618869  17.568544  20.000000  
10.000000  12.220398  13.862431  15.042642  15.906286  16.569499  17.144352  17.772479  18.655306  20.000000  
10.000000  12.176437  14.036174  15.504957  16.618561  17.452766  18.100978  18.671392  19.280203  20.000000  
10.000000  12.449180  14.600876  16.322459  17.610242  18.522030  19.135407  19.531910  19.794114  20.000000  
10.000000  13.019410  15.595696  17.573765  18.977924  19.889712  20.386713  20.526730  20.364344  20.000000  
10.000000  14.032769  17.188737  19.398987  20.837982  21.672186  21.995007  21.823954  21.136534  20.000000  
10.000000  15.922930  19.727501  21.995467  23.302835  23.966048  24.097176  23.637549  22.357837  20.000000  
10.000000  19.931451  23.802874  25.552546  26.411845  26.791998  26.790101  26.271229  24.657267  20.000000  
30.000000  30.000000  30.000000  30.000000  30.000000  30.000000  30.000000  30.000000  30.000000  30.000000  

