15.000000  15.000000  15.000000  15.000000  15.000000  15.000000  15.000000  15.000000  15.000000  15.000000  
10.000000  12.842713  14.150488  14.896866  15.394410  15.774566  16.134427  16.618850  17.568534  20.000000  
10.000000  12.220372  13.862385  15.042584  15.906224  16.569441  17.144304  17.772446  18.655289  20.000000  
10.000000  12.176404  14.036116  15.504884  16.618483  17.452692  18.100917  18.671349  19.280182  20.000000  
10.000000  12.449145  14.600814  16.322380  17.610158  18.521952  19.135342  19.531865  19.794091  20.000000  
10.000000  13.019377  15.595638  17.573691  18.977845  19.889638  20.386652  20.526687  20.364323  20.000000  
10.000000  14.032742  17.188689  19.398926  20.837917  21.672125  21.994956  21.823919  21.136516  20.000000  
10.000000  15.922911  19.727468  21.995424  23.302789  23.966006  24.097140  23.637524  22.357825  20.000000  
10.000000  19.931441  23.802858  25.552525  26.411822  26.791977  26.790083  26.271217  24.657260  20.000000  
30.000000  30.000000  30.000000  30.000000  30.000000  30.000000  30.000000  30.000000  30.000000  30.000000  

