15.000000  15.000000  15.000000  15.000000  15.000000  15.000000  15.000000  15.000000  15.000000  15.000000  
10.000000  12.841065  14.147578  14.893182  15.390473  15.770867  16.131370  16.616718  17.567468  20.000000  
10.000000  12.217462  13.857246  15.036078  15.899271  16.562908  17.138905  17.768680  18.653407  20.000000  
10.000000  12.172720  14.029610  15.496647  16.609681  17.444421  18.094082  18.666582  19.277798  20.000000  
10.000000  12.445208  14.593862  16.313578  17.600753  18.513113  19.128038  19.526771  19.791544  20.000000  
10.000000  13.015678  15.589105  17.565420  18.969007  19.881333  20.379789  20.521901  20.361930  20.000000  
10.000000  14.029685  17.183291  19.392091  20.830613  21.665262  21.989285  21.819964  21.134538  20.000000  
10.000000  15.920779  19.723703  21.990657  23.297695  23.961219  24.093185  23.634765  22.356446  20.000000  
10.000000  19.930375  23.800975  25.550141  26.409275  26.789583  26.788105  26.269837  24.656571  20.000000  
30.000000  30.000000  30.000000  30.000000  30.000000  30.000000  30.000000  30.000000  30.000000  30.000000  

