15.000000 15.000000 15.000000 15.000000 15.000000 15.000000 15.000000 15.000000 15.000000 15.000000 
10.000000 12.773344 14.027914 14.741593 15.228395 15.618485 16.005398 16.528831 17.523517 20.000000 
10.000000 12.097791 13.645801 14.768243 15.612926 16.293713 16.916377 17.613436 18.575774 20.000000 
10.000000 12.021108 13.761752 15.157382 16.246998 17.103484 17.812266 18.469986 19.179490 20.000000 
10.000000 12.283091 14.307468 15.950865 17.213031 18.148664 18.826804 19.316638 19.686471 20.000000 
10.000000 12.863248 15.319844 17.224430 18.604530 19.538754 20.096646 20.324396 20.263173 20.000000 
10.000000 13.903666 16.960696 19.110215 20.529340 21.382103 21.755262 21.656728 21.052919 20.000000 
10.000000 15.832857 19.568408 21.794013 23.087528 23.763695 23.929943 23.520903 22.299515 20.000000 
10.000000 19.886407 23.723317 25.451809 26.304183 26.690816 26.706481 26.212905 24.628105 20.000000 
30.000000 30.000000 30.000000 30.000000 30.000000 30.000000 30.000000 30.000000 30.000000 30.000000 

