15.000000 15.000000 15.000000 15.000000 15.000000 15.000000 15.000000 15.000000 15.000000 15.000000 
10.000000 12.827093 14.122901 14.861939 15.357085 15.739490 16.105441 16.598632 17.558425 20.000000 
10.000000 12.192785 13.813663 14.980897 15.840303 16.507494 17.093111 17.736740 18.637436 20.000000 
10.000000 12.141476 13.974429 15.426782 16.535021 17.374261 18.036104 18.626143 19.257578 20.000000 
10.000000 12.411819 14.534892 16.238918 17.520969 18.438139 19.066081 19.483557 19.769938 20.000000 
10.000000 12.984300 15.533689 17.495259 18.894032 19.810878 20.321567 20.481292 20.341625 20.000000 
10.000000 14.003754 17.137496 19.334111 20.768656 21.607040 21.941172 21.786406 21.117760 20.000000 
10.000000 15.902693 19.691761 21.950217 23.254481 23.920610 24.059627 23.611360 22.344743 20.000000 
10.000000 19.921332 23.785004 25.529921 26.387668 26.769279 26.771326 26.258135 24.650719 20.000000 
30.000000 30.000000 30.000000 30.000000 30.000000 30.000000 30.000000 30.000000 30.000000 30.000000 

