15.000000  15.000000  15.000000  15.000000  15.000000  15.000000  15.000000  15.000000  15.000000  15.000000  
10.000000  12.839216  14.144313  14.889048  15.386056  15.766715  16.127940  16.614325  17.566272  20.000000  
10.000000  12.214197  13.851479  15.028777  15.891470  16.555577  17.132847  17.764455  18.651294  20.000000  
10.000000  12.168586  14.022309  15.487404  16.599804  17.435140  18.086412  18.661233  19.275123  20.000000  
10.000000  12.440791  14.586060  16.303701  17.590198  18.503195  19.119842  19.521054  19.788686  20.000000  
10.000000  13.011527  15.581773  17.556138  18.959089  19.872013  20.372087  20.516529  20.359244  20.000000  
10.000000  14.026254  17.177232  19.384421  20.822417  21.657560  21.982921  21.815525  21.132319  20.000000  
10.000000  15.918386  19.719477  21.985308  23.291979  23.955847  24.088746  23.631669  22.354898  20.000000  
10.000000  19.929179  23.798862  25.547467  26.406417  26.786898  26.785886  26.268289  24.655797  20.000000  
30.000000  30.000000  30.000000  30.000000  30.000000  30.000000  30.000000  30.000000  30.000000  30.000000  

