15.000000 15.000000 15.000000 15.000000 15.000000 15.000000 15.000000 15.000000 15.000000 15.000000 
10.000000 12.842692 14.150451 14.896820 15.394360 15.774519 16.134388 16.618823 17.568521 20.000000 
10.000000 12.220335 13.862320 15.042501 15.906135 16.569358 17.144235 17.772398 18.655265 20.000000 
10.000000 12.176357 14.036033 15.504779 16.618371 17.452587 18.100830 18.671289 19.280151 20.000000 
10.000000 12.449095 14.600725 16.322268 17.610039 18.521839 19.135249 19.531800 19.794059 20.000000 
10.000000 13.019330 15.595555 17.573586 18.977733 19.889533 20.386565 20.526626 20.364293 20.000000 
10.000000 14.032703 17.188620 19.398839 20.837824 21.672038 21.994884 21.823869 21.136491 20.000000 
10.000000 15.922884 19.727420 21.995363 23.302724 23.965945 24.097090 23.637489 22.357807 20.000000 
10.000000 19.931428 23.802834 25.552495 26.411789 26.791946 26.790058 26.271199 24.657252 20.000000 
30.000000 30.000000 30.000000 30.000000 30.000000 30.000000 30.000000 30.000000 30.000000 30.000000 

