15.000000 15.000000 15.000000 15.000000 15.000000 15.000000 15.000000 15.000000 15.000000 15.000000 
10.000000 6.250000 5.312500 5.078125 5.019531 5.004883 5.001221 5.000305 10.000076 20.000000 
10.000000 4.062500 2.343750 1.855469 1.718750 1.680908 1.670532 1.667709 7.916946 20.000000 
10.000000 3.515625 1.464844 0.830078 0.637207 0.579529 0.562515 0.557556 7.118626 20.000000 
10.000000 3.378906 1.210938 0.510254 0.286865 0.216599 0.194778 0.188084 6.826677 20.000000 
10.000000 3.344727 1.138916 0.412292 0.174789 0.097847 0.073156 0.065310 6.722997 20.000000 
10.000000 3.336182 1.118774 0.382767 0.139389 0.059309 0.033116 0.024607 6.686901 20.000000 
10.000000 3.334045 1.113205 0.373993 0.128345 0.046914 0.020007 0.011154 6.674514 20.000000 
10.000000 10.833511 10.486679 10.215168 10.085878 10.033198 10.013301 10.006114 16.670157 20.000000 
30.000000 30.000000 30.000000 30.000000 30.000000 30.000000 30.000000 30.000000 30.000000 30.000000 

